EWN_OFFSET;POS;SAMA_Lemma;Pos_Sentiment_score;Neg_Sentiment_Score;Confidence;ANGER;DISGUST;FEAR;JOY;SADNESS;SURPRISE
00075269;r;Sahowap;0.0;0.0;50.0;0.10262733;0.11120248;0.09422184;0.13498424;0.13552723;0.14809912
00509846;r;>axoyar;0.4375;0.0;50.0;0.06411644;0.11154929;0.09558230;0.16017802;0.10454080;0.17276040
00025144;r;mudam~aY;0;0.25;100;0.12115573;0.10571777;0.12634192;0.16775420;0.06452723;0.19714736
00194578;r;galaq;0.0625;0.0;33.0;0.04440506;0.10912827;0.11836763;0.21350867;0.09060806;0.19114186
00031899;r;Eayoniy~;0.25;0.25;33;0.06065043;0.08200999;0.06878399;0.22890416;0.06777259;0.26588099
00222180;r;xalofu;0.0;0.03125;100.0;0.09222520;0.12068640;0.11300526;0.11468595;0.15204378;0.16338394
00073033;r;$iboh;0;0;33;0.10338015;0.07434723;0.16598423;0.22782350;0.10575892;0.13946262
00087367;r;{iHotiqAn;0.0;0.0;50.0;0.00000000;0.00000000;0.00000000;1.00000000;0.00000000;0.00000000
00015471;r;basiyT;0.5625;0.0;50.0;0.12305035;0.17650091;0.05072264;0.11514645;0.09343689;0.13465840
00302120;r;Eiforiytiy~;0.125;0;50;0.00000000;0.00000000;0.00000000;0.70009678;0.00000000;0.12632184
00128456;r;qawol;0.0;0.0;33.0;0.31395924;0.05676383;0.03842513;0.13137656;0.08734702;0.10756253
00452810;r;tinobAl;0.0078125;0.0625;100.0;0.15067692;0.13918321;0.04468173;0.11445179;0.06639562;0.11126698
00112601;r;EabiyT;0;0;50;0.09155757;0.06227431;0.10091039;0.21321677;0.09951923;0.12643324
00479275;r;gad;0;0;100;0.12703972;0.10959844;0.16574206;0.12717157;0.11369617;0.16144519
00053394;r;barAH;0.3125;0.0;50.0;0.16325584;0.16592046;0.05280775;0.11899405;0.10737236;0.12873876
00243938;r;januwbiy~;0;0;50;0.00000000;0.00000000;0.00000000;1.00000000;0.00000000;0.00000000
00038625;r;jarayAn;0.125;0.25;50;0.08437736;0.13828686;0.09105976;0.13029298;0.07208651;0.21296919
00204125;r;hAfit;0.25;0;50;0.22607782;0.16405471;0.02257888;0.03799295;0.12498066;0.10737146
00112601;r;Ealiyl;0;0;100;0.09155757;0.06227431;0.10091039;0.21321677;0.09951923;0.12643324
00072329;r;Hawol;0.0625;0.03125;67.0;0.12109017;0.09632987;0.17137890;0.10417346;0.16846395;0.11981221
00161932;r;jihAr;0.0;0.0;100.0;0.14954976;0.12353083;0.16446004;0.08788318;0.10453980;0.06504176
00276076;r;mufaro$iH;0.0;0.0;50.0;0.13523494;0.04989595;0.00000000;0.00000000;0.13526125;0.28051887
00075442;r;>amAmiy~;0.03125;0.0;50.0;0.09931010;0.10531606;0.07392687;0.15679775;0.11355414;0.16138931
00061203;r;lAHiq;0.0;0.0625;67.0;0.14352039;0.12288258;0.12412270;0.10509957;0.16012050;0.11204648
00025144;r;damawiy~;0;0.25;50;0.12115573;0.10571777;0.12634192;0.16775420;0.06452723;0.19714736
00355615;r;hiyfiy;0;0;100;0.12001541;0.11798754;0.15378849;0.11551373;0.15541169;0.10797081
00112601;r;jadiyd;0.0;0.0;75.0;0.09155757;0.06227431;0.10091039;0.21321677;0.09951923;0.12643324
00046299;r;taSoriyf;0;0.125;50;0.07159158;0.07833520;0.07990998;0.14537524;0.06952256;0.12485367
00103664;r;>lx;0;0;100;0.08663727;0.12403293;0.03778220;0.09728547;0.03894278;0.14992488
00368663;r;tamAm;0.3046875;0.0;50.0;0.10506111;0.11560751;0.09484518;0.13230726;0.12941957;0.17983455
00010759;r;faHasbu;0.078125;0.08203125;50.0;0.14445180;0.13648272;0.10672072;0.11138523;0.11609629;0.13288252
00029639;r;>aboEad;0.0;0.0;50.0;0.22772789;0.05757104;0.09163166;0.28996204;0.07689121;0.07411530
00048138;r;tamAdiy;0;0;50;0.11724143;0.12993067;0.08132963;0.14546207;0.10983038;0.14724818
00032299;r;Earim;0.125;0;50;0.22405877;0.05985982;0.14531118;0.18915905;0.08412536;0.06276331
00027384;r;sakanap;0.015625;0.234375;50.0;0.11747237;0.13035450;0.12398638;0.11081036;0.15408475;0.12544655
00110919;r;ZihArap;0.0;0.0;50.0;0.10764044;0.12051711;0.18394007;0.09756350;0.17018986;0.14263082
00159040;r;maval;0;0;100;0.05698108;0.09076066;0.01929077;0.16162367;0.14711277;0.33436525
00045607;r;warA';0.0;0.00048828125;33.0;0.09297922;0.13385566;0.10249680;0.11840486;0.13133312;0.15533917
00305570;r;muqaE~ar;0.0;0.0;33.0;0.10487046;0.09508100;0.14923649;0.11033043;0.14853463;0.15474960
00112601;r;Tariy~;0;0;50;0.09155757;0.06227431;0.10091039;0.21321677;0.09951923;0.12643324
00123924;r;wirAviy~;0;0;100;0.01995681;0.11241162;0.01667943;0.09603739;0.12777510;0.21313875
00335809;r;fAloSuw;0.25;0;50;0.15081939;0.02239370;0.42212338;0.03012951;0.12842968;0.03080256
00505853;r;wator;0.0;0.0;50.0;0.17384226;0.23452703;0.06516675;0.13251131;0.15712814;0.05646625
00188510;r;>ayo;0;0;100;0.10403368;0.15578248;0.06661265;0.15818283;0.06211096;0.16790229
00016458;r;radiy';0.125;0.25;33.0;0.06211426;0.08506950;0.22163524;0.08646384;0.10906279;0.13217872
00038625;r;masorab;0.125;0.25;33;0.08437736;0.13828686;0.09105976;0.13029298;0.07208651;0.21296919
00335809;r;musotaEAr;0.25;0;50;0.15081939;0.02239370;0.42212338;0.03012951;0.12842968;0.03080256
00008600;r;faqaT;0.06640625;0.07421875;100.0;0.14459297;0.13475550;0.10855348;0.11609506;0.12159169;0.13463718
00065575;r;Tawiyl;0.046875;0.0;45.75;0.09421113;0.16121973;0.09163840;0.11084780;0.10620303;0.15598300
00285092;r;munotadaY;0.1875;0.1875;33.0;0.05387255;0.14042842;0.04706358;0.24465424;0.10930887;0.25254024
00161630;r;qaTuwf;0.0;0.0;100.0;0.08137396;0.07183502;0.11521858;0.19182333;0.16717024;0.16362399
00155621;r;EAdap;0.0625;0.1171875;33.0;0.10171121;0.08688582;0.15014231;0.12291785;0.14265173;0.13477292
00476962;r;HAdir;0.0;0.0;100.0;0.00000000;0.01376882;0.02268091;0.11480445;0.11002279;0.46784781
00357139;r;mutaEAliy;0.0625;0.0;50.0;0.00901836;0.02414723;0.03884147;0.43499121;0.00338732;0.20451376
00505226;r;muHA*iy;0.09375;0.0625;33.0;0.06375288;0.20711009;0.06420160;0.17942009;0.08265577;0.11921475
00038625;r;sayor;0.125;0.25;33;0.08437736;0.13828686;0.09105976;0.13029298;0.07208651;0.21296919
00021212;r;limAm;0.0;0.0625;50.0;0.06318413;0.14890861;0.11917907;0.09387110;0.11002492;0.18102448
00039318;r;munobaTiH;0.25;0.0;50.0;0.13051943;0.15657451;0.15998674;0.08136317;0.10288601;0.10534184
00336293;r;buhotAn;0.125;0.0;100.0;0.17024357;0.17182889;0.11001415;0.05060465;0.08823294;0.07866761
00031899;r;riyAl;0.25;0.25;100;0.06065043;0.08200999;0.06878399;0.22890416;0.06777259;0.26588099
00285854;r;SAfiy;0.1875;0.0;33.0;0.16713254;0.31029180;0.10802162;0.18001343;0.02479611;0.06861391
00067045;r;muEaj~al;0;0;100;0.11678153;0.10454989;0.08603809;0.15681175;0.10117191;0.16695735
00009373;r;TAhir;0.1875;0.1875;33.0;0.05144902;0.07021421;0.02353179;0.26432776;0.07762168;0.17236613
00243938;r;yamonap;0;0;100;0.00000000;0.00000000;0.00000000;1.00000000;0.00000000;0.00000000
00353485;r;Sudofap;0.03125;0.0;50.0;0.07254183;0.14564241;0.08549987;0.08159336;0.12978483;0.10182797
00432314;r;dafo|n;0.25;0;100;0.03299575;0.17984928;0.07237011;0.23015844;0.11470371;0.11283335
00229568;r;hAdi};0;0.125;33;0.08133901;0.11342783;0.04374141;0.11269884;0.12682092;0.19761213
00118032;r;Hiyna*Aka;0.0;0.0;50.0;0.13233601;0.12735281;0.09117289;0.12058500;0.10700642;0.15778161
00366266;r;$axoSiy~;0.0;0.0;50.0;0.16362052;0.16629565;0.05267841;0.10934555;0.10667636;0.13861242
00505226;r;maloDuwm;0.1875;0.0;50.0;0.11585791;0.08435102;0.12473346;0.28147880;0.09321877;0.09766025
00354033;r;Hazon;0.0;0.25;100.0;0.06642044;0.07386178;0.33547255;0.08202274;0.23533967;0.05843601
00007015;r;naHow;0.5;0.25;50;0.09770195;0.08686564;0.13222633;0.13386489;0.19950690;0.14168814
00071456;r;mukabotal;0;0;100;0.09870396;0.08314504;0.12545618;0.15716863;0.18368362;0.12398502
00204125;r;galoTAn;0.25;0;50;0.22607782;0.16405471;0.02257888;0.03799295;0.12498066;0.10737146
00058359;r;talomiyH;0;0.75;50;0.29435430;0.12014116;0.11733500;0.07317448;0.07751648;0.09721753
00471757;r;xulosap;0.4375;0.0;50.0;0.00000000;0.19688207;0.00000000;0.07868169;0.00000000;0.55190624
00112601;r;niyuw;0;0;100;0.09155757;0.06227431;0.10091039;0.21321677;0.09951923;0.12643324
00071456;r;TawAf;0;0;50;0.09870396;0.08314504;0.12545618;0.15716863;0.18368362;0.12398502
00007884;r;niSof;0;0;100;0.02669047;0.10269196;0.09071727;0.12089044;0.12466494;0.16147306
00144722;r;muta>ak~id;0.25;0;50;0.08087587;0.18325896;0.08582597;0.11934332;0.09984059;0.16149141
00507323;r;Eamod;0.375;0.0;50.0;0.15503347;0.15169783;0.13566779;0.07868529;0.12284007;0.09319863
00148139;r;musotasohal;0.15625;0.0;50.0;0.07655011;0.04876193;0.06352649;0.42079514;0.08560427;0.07904213
00112601;r;raTob;0;0;50;0.09155757;0.06227431;0.10091039;0.21321677;0.09951923;0.12643324
00022131;r;fiymA;0;0.125;33;0.11024408;0.12262611;0.08950157;0.14279707;0.10122926;0.16708996
00145713;r;maqonaE;0.125;0;50;0.11261260;0.11800689;0.10968548;0.10951274;0.10708255;0.18206516
00148139;r;nAEim;0.125;0;50;0.07218118;0.02642762;0.00000000;0.63252517;0.05485195;0.00592862
00275694;r;qudum;0.125;0.0;100.0;0.07686994;0.10063795;0.09153931;0.16812599;0.12155728;0.14254661
00109021;r;hunA;0.0;0.0;100.0;0.10274013;0.12678219;0.07459191;0.14780702;0.10125947;0.15406035
00478821;r;xilAl;0.015625;0.0;40.0;0.09938329;0.13656683;0.08562535;0.13686711;0.16052427;0.13408830
00134203;r;maEonawiy~;0.34375;0.0;50.0;0.07438291;0.08992488;0.04001862;0.13574216;0.16623314;0.25102940
00503102;r;lAsiE;0;0;33;0.07552983;0.06484176;0.06132693;0.06978861;0.23338838;0.11432451
00278078;r;HAfiy;0;0;50;0.03709973;0.05891760;0.00000000;0.13910949;0.01841335;0.24864328
00334790;r;sab~Aq;0;0;50;0.11880449;0.14142575;0.01368463;0.06275692;0.06507610;0.16849792
00065575;r;muTaw~al;0.375;0;50;0.04846257;0.46383122;0.00572686;0.05692621;0.00485025;0.14898008
00071456;r;mudaEobal;0;0;50;0.09870396;0.08314504;0.12545618;0.15716863;0.18368362;0.12398502
00503102;r;lA*iE;0;0;33;0.07552983;0.06484176;0.06132693;0.06978861;0.23338838;0.11432451
00001837;r;miylAdiy~;0;0;50;0.10474187;0.18393817;0.06317422;0.10622094;0.07471962;0.09674333
00058128;r;qASid;0.125;0.0;50.0;0.12849131;0.12734736;0.09418019;0.12586667;0.09011461;0.14886846
00285687;r;qariyH;0.1875;0.0;50.0;0.16713254;0.31029180;0.10802162;0.18001343;0.02479611;0.06861391
00137562;r;gib~;0.125;0.0;68.75;0.10025975;0.06520175;0.26847090;0.11196751;0.13586485;0.14775834
00509432;r;musotaqiym;0.25;0.0;33.0;0.12805450;0.13181777;0.11261746;0.12701673;0.09745846;0.13141325
00335809;r;mudogil;0.25;0;50;0.15081939;0.02239370;0.42212338;0.03012951;0.12842968;0.03080256
00148139;r;ha$A$;0.125;0;50;0.07218118;0.02642762;0.00000000;0.63252517;0.05485195;0.00592862
00048739;r;mubA$arap;0.046875;0.07421875;50.0;0.17706284;0.13122879;0.14718457;0.09885459;0.13863709;0.10178991
00118531;r;sawA';0;0.375;33;0.13324728;0.16785238;0.08557414;0.12890516;0.06019120;0.16510806
00231765;r;taTaw~uE;0.375;0;100;0.13032078;0.16013781;0.19238633;0.07842865;0.11082491;0.09615667
00009966;r;rajA';0.125;0;50;0.10890539;0.14485406;0.10457840;0.08174777;0.12343774;0.13549711
00061528;r;may~it;0.25;0.0;50.0;0.13532347;0.08650153;0.07555339;0.09896244;0.19798726;0.11806897
00503102;r;bAtir;0;0;50;0.07552983;0.06484176;0.06132693;0.06978861;0.23338838;0.11432451
00503102;r;*arib;0;0;50;0.07552983;0.06484176;0.06132693;0.06978861;0.23338838;0.11432451
00122427;r;diymuqrATiy~;0;0;100;0.01293160;0.05683051;0.30718902;0.14763375;0.13102513;0.01954369
00038625;r;taqAdum;0.125;0.25;33;0.08437736;0.13828686;0.09105976;0.13029298;0.07208651;0.21296919
00007884;r;niSofiy~;0;0;50;0.02669047;0.10269196;0.09071727;0.12089044;0.12466494;0.16147306
00342624;r;qahor;0.25;0;50;0.40513868;0.15867002;0.07545475;0.06108412;0.08909788;0.03102606
00340006;r;tajaw~uz;0;0;100;0.03657990;0.09616914;0.02345331;0.12232661;0.08523451;0.25070065
00061677;r;<i*A;0.0;0.0;100.0;0.12487136;0.11333131;0.06737779;0.09776723;0.17952999;0.14711209
00069603;r;mutakAfi};0.25;0.0;50.0;0.09029312;0.15237678;0.12104139;0.14718734;0.06286738;0.15209035
00323786;r;ma$oriq;0;0;50;0.13588417;0.10363622;0.32597373;0.08523461;0.14832284;0.02287522
00050817;r;munodamij;0.5;0;50;0.10101334;0.13791752;0.05451778;0.11837534;0.07049186;0.24613023
00050817;r;mukotaniz;0.5;0;50;0.10101334;0.13791752;0.05451778;0.11837534;0.07049186;0.24613023
00104990;r;rasol;0.25;0.125;50;0.15643271;0.05420560;0.01646023;0.21174426;0.02155438;0.07833970
00292349;r;mutatAbiE;0.125;0;50;0.00000000;0.16346910;0.00000000;0.51357678;0.21657484;0.00000000
00194578;r;laz~;0.0625;0.0;50.0;0.04440506;0.10912827;0.11836763;0.21350867;0.09060806;0.19114186
00477814;r;>aEo$am;0;0;50;0.05712171;0.54159033;0.01377058;0.10351876;0.10619559;0.05892365
00495377;r;HayovumA;0;0;100;0.09564654;0.15277763;0.08909948;0.11320290;0.12192255;0.19883785
00021878;r;Hiyn;0.0;0.0;50.0;0.07291552;0.12670628;0.10416873;0.09796177;0.10020450;0.19929073
00059171;r;>uqosuwmap;0.25;0;50;0.08974269;0.11697973;0.08382901;0.13278970;0.11300221;0.20216129
00184284;r;Samiym;0;0;50;0.02528925;0.05439124;0.22550852;0.14425262;0.02027273;0.07856367
00046299;r;muruwr;0;0.125;33;0.07159158;0.07833520;0.07990998;0.14537524;0.06952256;0.12485367
00477814;r;rahif;0;0;100;0.05712171;0.54159033;0.01377058;0.10351876;0.10619559;0.05892365
00341227;r;saTiyH;0.25;0.0;33.0;0.12143979;0.13666809;0.18607885;0.07908329;0.10604387;0.10512667
00038625;r;daraj;0.125;0.25;50;0.08437736;0.13828686;0.09105976;0.13029298;0.07208651;0.21296919
00507819;r;>amos;0.0;0.0;100.0;0.13473925;0.11480971;0.09671763;0.13519028;0.16345212;0.11188689
00053394;r;mujAhir;0.125;0;50;0.16137409;0.11477880;0.05907345;0.11727559;0.12204467;0.14600109
00505226;r;mudomak;0.21875;0.0;50.0;0.11543100;0.12753522;0.10259848;0.14885387;0.10533075;0.15142742
00353916;r;>axo$an;0.0;0.25;50.0;0.06642044;0.07386178;0.33547255;0.08202274;0.23533967;0.05843601
00180420;r;EAqib;0;0;100;0.04525658;0.00458491;0.11722187;0.44526871;0.00259611;0.20765471
00038625;r;tatab~uE;0.125;0.25;50;0.08437736;0.13828686;0.09105976;0.13029298;0.07208651;0.21296919
00335809;r;bahoraj;0.25;0;50;0.15081939;0.02239370;0.42212338;0.03012951;0.12842968;0.03080256
00003483;r;>asAs;0.125;0.0;50.0;0.10691749;0.12221050;0.11347361;0.12476521;0.12770284;0.12591655
00148139;r;xaniv;0.125;0;50;0.07218118;0.02642762;0.00000000;0.63252517;0.05485195;0.00592862
00302120;r;$ayoTAniy~;0.125;0;33;0.00000000;0.00000000;0.00000000;0.70009678;0.00000000;0.12632184
00057388;r;Tay~ib;0.1875;0.0;50.0;0.08595121;0.09167722;0.06603776;0.16306542;0.10503691;0.13677346
00024509;r;>ay~;0;0;100;0.13271717;0.16789861;0.12033402;0.09989456;0.09222337;0.10034555
00027384;r;bayod;0.203125;0.0625;50.0;0.15328576;0.15226768;0.11203371;0.11483542;0.12051654;0.10535350
00121135;r;kayot;0.0;0.0;67.0;0.18449952;0.11412444;0.07581170;0.14313777;0.09589170;0.11537027
00022829;r;jid~;0.181640625;0.033203125;50.0;0.08773822;0.11241929;0.09299209;0.14188750;0.10777833;0.19697357
00432314;r;dafi};0.25;0;100;0.03299575;0.17984928;0.07237011;0.23015844;0.11470371;0.11283335
00505352;r;fiTorap;0.0625;0.0;50.0;0.04241233;0.07742689;0.06626245;0.23414733;0.02607353;0.41656660
00452810;r;>alaf~;0.03125;0.125;50.0;0.19454530;0.13562043;0.04238842;0.09995626;0.11308184;0.09767152
00025144;r;muDar~aj;0;0.25;100;0.12115573;0.10571777;0.12634192;0.16775420;0.06452723;0.19714736
00100267;r;magofuwr;0.015625;0.03125;50.0;0.10885940;0.12918353;0.13238829;0.12256397;0.11506572;0.11444483
00110815;r;jAniHap;0.03125;0.03125;33.0;0.10087962;0.09420682;0.23323779;0.09334168;0.18405402;0.11503912
00502710;r;xuSuwS;0.0;0.0;50.0;0.08004775;0.10839731;0.14172329;0.13515751;0.11710175;0.15700528
00105603;r;Eajiyl;0;0;100;0.10389989;0.09224776;0.09616283;0.20306464;0.06105890;0.27786903
00262552;r;Hub~iy~;0.25;0;100;0.17354052;0.08213499;0.00000000;0.06775304;0.24829572;0.01306045
00044861;r;Eakosiy~;0;0.125;50;0.01164785;0.32986915;0.00366975;0.07736138;0.07209277;0.14076926
00409709;r;wa$iyk;0.0;0.0;50.0;0.09776648;0.06633179;0.13458983;0.32664659;0.08963733;0.11475870
00191889;r;tiloqA}iy~;0.265625;0.0;50.0;0.12376698;0.12405222;0.11383544;0.12809866;0.10176494;0.12686078
00035718;r;maliyH;0.125;0.25;33;0.07822983;0.06983626;0.16837381;0.12633825;0.12477511;0.12125402
00285854;r;xAliS;0.1875;0.0;50.0;0.16713254;0.31029180;0.10802162;0.18001343;0.02479611;0.06861391
00340006;r;majAz;0;0;100;0.03657990;0.09616914;0.02345331;0.12232661;0.08523451;0.25070065
00088655;r;murotajal;0.25;0;50;0.03899875;0.03276941;0.14031118;0.16146837;0.03278559;0.22693637
00207668;r;Hidap;0;0;50;0.17384226;0.23452703;0.06516675;0.13251131;0.15712814;0.05646625
00393149;r;wATiy;0;0;50;0.00000000;0.00895255;0.26540794;0.18652967;0.17174341;0.16638656
00008997;r;<iTolAq;0.5;0.0;50.0;0.11474359;0.08512749;0.11912645;0.10852037;0.15739260;0.12192554
00181576;r;ruwayod;0.03515625;0.0;33.0;0.07842438;0.06972464;0.08968587;0.12140706;0.12006715;0.16916830
00495524;r;>ariyD;0.0;0.0;50.0;0.06784232;0.13355775;0.03089845;0.15295283;0.12534055;0.23682816
00105603;r;mutawaf~iz;0;0;50;0.10389989;0.09224776;0.09616283;0.20306464;0.06105890;0.27786903
00008600;r;waHiyd;0.25;0.25;50;0.12607490;0.13098565;0.08753335;0.12259720;0.11585564;0.13556464
00057388;r;Huson;0.1875;0.0;50.0;0.08595121;0.09167722;0.06603776;0.16306542;0.10503691;0.13677346
00111758;r;>aqal~;0;0;33;0.15196009;0.10664279;0.15828525;0.09515123;0.20914149;0.08800564
00069901;r;muSaw~it;0;0;100;0.14424224;0.08495540;0.07085562;0.09876634;0.09567032;0.19966702
00250056;r;muHA*aY;0;0;50;0.14008083;0.06667903;0.13564963;0.18477661;0.14825366;0.05888676
00069672;r;siy~;0.1875;0.0;39.375;0.09629031;0.15023208;0.12256050;0.14874353;0.06524028;0.14993947
00102463;r;fiyn;0.3125;0.0;50.0;0.02815688;0.14941575;0.02949704;0.38788437;0.04094593;0.09793183
00046299;r;EimolAqiy~;0;0.125;33;0.07159158;0.07833520;0.07990998;0.14537524;0.06952256;0.12485367
00069901;r;jahiyr;0;0;100;0.14424224;0.08495540;0.07085562;0.09876634;0.09567032;0.19966702
00066781;r;qabol;0.0;0.0;81.25;0.10913299;0.12130145;0.13142168;0.13465243;0.11997786;0.10619245
00503102;r;nah~A$;0;0;50;0.07552983;0.06484176;0.06132693;0.06978861;0.23338838;0.11432451
00226550;r;Eabor;0.0;0.0;20.0;0.11369509;0.10567565;0.13973190;0.12540725;0.13808266;0.12646113
00335809;r;daj~Al;0.25;0;33;0.15081939;0.02239370;0.42212338;0.03012951;0.12842968;0.03080256
00167920;r;sudaY;0;0;50;0.00000000;0.00000000;0.00000000;0.29029851;0.00000000;0.33646411
00277585;r;qufol;0.0625;0.0;33.0;0.04440506;0.10912827;0.11836763;0.21350867;0.09060806;0.19114186
00086404;r;madomuwk;0.34375;0.0;50.0;0.11304088;0.12928490;0.09002734;0.13600367;0.09321505;0.18117076
00408021;r;>adonaY;0.0;0.0;50.20703125;0.07042077;0.07857334;0.08573415;0.18123248;0.20238963;0.13059607
00476962;r;samiyk;0.0;0.0;100.0;0.00000000;0.01376882;0.02268091;0.11480445;0.11002279;0.46784781
00041954;r;<ijomAl;0.0;0.1875;50.0;0.09914834;0.12929240;0.12182569;0.13151721;0.15309096;0.12796907
00104099;r;Tay~;0.015625;0.015625;100.0;0.10087962;0.09420682;0.23323779;0.09334168;0.18405402;0.11503912
00285854;r;DiyA}iy~;0.1875;0.0;50.0;0.16713254;0.31029180;0.10802162;0.18001343;0.02479611;0.06861391
00087542;r;>azaliy~;0.125;0.125;100;0.04040187;0.04619124;0.09146974;0.10192700;0.12452185;0.18316828
00107987;r;tadoriyjiy~;0;0;67;0.05568970;0.06125232;0.12688683;0.10502700;0.13645223;0.13563849
00061203;r;tilow;0.0;0.0;100.0;0.13690244;0.12861764;0.10681806;0.11004930;0.13940249;0.11993450
00100082;r;bakiyr;0.125;0.0;50.0;0.12483329;0.11817645;0.13261793;0.14659285;0.13641040;0.10652670
00009373;r;waDiy';0.1875;0.1875;50.0;0.05144902;0.07021421;0.02353179;0.26432776;0.07762168;0.17236613
00113082;r;siwaY;0.25;0.0;75.0;0.10515062;0.15346470;0.14004518;0.10147967;0.08383430;0.15351682
00110815;r;Euqor;0;0;100;0.12521876;0.10195021;0.13504664;0.12669415;0.12307868;0.18088169
00148139;r;xariyE;0.125;0;50;0.07218118;0.02642762;0.00000000;0.63252517;0.05485195;0.00592862
00085811;r;bidAr;0.015625;0.0;50.0;0.10390258;0.11329217;0.12240769;0.13470078;0.12145986;0.17022788
00393240;r;>awoTa>;0;0;100;0.06344475;0.08661221;0.03276191;0.15912935;0.29612931;0.14520537
00104990;r;mubaHobaH;0.25;0.125;50;0.15643271;0.05420560;0.01646023;0.21174426;0.02155438;0.07833970
00505226;r;lAH~;0.1875;0.0;50.0;0.11585791;0.08435102;0.12473346;0.28147880;0.09321877;0.09766025
00166025;r;taliyE;0.0;0.0;50.0;0.10604108;0.12167355;0.10872297;0.11732677;0.11755121;0.14965350
00477814;r;halohal;0.21875;0.0;33.0;0.03893378;0.22868981;0.02373695;0.32284444;0.06505163;0.08543143
00348247;r;faraH;0.25;0;50;0.04857616;0.03707961;0.00000000;0.22550342;0.00000000;0.29214088
00503102;r;EaDob;0;0;50;0.07552983;0.06484176;0.06132693;0.06978861;0.23338838;0.11432451
00204125;r;galaT;0.25;0;100;0.22607782;0.16405471;0.02257888;0.03799295;0.12498066;0.10737146
00128456;r;$afahiy~;0.0;0.0;50.0;0.32257782;0.07338327;0.33288712;0.03629376;0.05859798;0.02689063
00071456;r;musotadiyr;0;0;50;0.09870396;0.08314504;0.12545618;0.15716863;0.18368362;0.12398502
00092985;r;bat~;0.125;0.0;50.0;0.05881534;0.05397188;0.05197174;0.15129332;0.07579803;0.33712565
00078445;r;xufoyap;0.125;0.03125;50.0;0.08186599;0.08964251;0.22702733;0.09682221;0.18842412;0.07381450
00188510;r;>alA;0.0;0.0;50.0;0.11757402;0.12112399;0.08425004;0.12797195;0.06326933;0.18366598
00206479;r;girAr;0.125;0;100;0.19240494;0.16517549;0.06800399;0.11621007;0.19344153;0.10023859
00148139;r;marix;0.125;0;50;0.07218118;0.02642762;0.00000000;0.63252517;0.05485195;0.00592862
00162765;r;jahorap;0.0625;0.0;50.0;0.15546192;0.11915481;0.11176675;0.10257938;0.11329223;0.10552142
00051440;r;mayodAn;0.0;0.03125;100.0;0.11097211;0.06370188;0.10966519;0.11711159;0.12636729;0.15354456
00081591;r;>usobuwEiy~;0;0.375;100;0.06407735;0.08827933;0.07756158;0.12384103;0.13522088;0.11177830
00161630;r;maTuwl;0.0;0.0;33.0;0.08137396;0.07183502;0.11521858;0.19182333;0.16717024;0.16362399
00342624;r;jaboriy~;0.25;0;100;0.40513868;0.15867002;0.07545475;0.06108412;0.08909788;0.03102606
00108773;r;hahunA;0.0;0.0;100.0;0.10274013;0.12678219;0.07459191;0.14780702;0.10125947;0.15406035
00410210;r;layoliy~;0;0;33;0.12085638;0.00789457;0.15740129;0.25945649;0.13421401;0.04294252
00335809;r;bATil;0.25;0;50;0.15081939;0.02239370;0.42212338;0.03012951;0.12842968;0.03080256
00091534;r;Sulob;0.09375;0.14111328125;33.0;0.10846759;0.13860083;0.08374080;0.12637011;0.08038115;0.19640627
00222879;r;mut~a}id;0.0;0.0;50.0;0.08137396;0.07183502;0.11521858;0.19182333;0.16717024;0.16362399
00112393;r;HAjap;0.25;0;100;0.10249603;0.13468007;0.11664294;0.10843542;0.08674802;0.17147066
00258175;r;bilA$;0;0;100;0.00000000;0.00000000;0.00000000;0.04636514;0.00000000;0.81382814
00008007;r;kAf~ap;0.5;0;100;0.11416695;0.11600639;0.09701667;0.11616079;0.14578671;0.17117508
00162645;r;sir~;0.0;0.0;50.0;0.10940326;0.13153896;0.11913862;0.11816702;0.13339160;0.07103650
00341227;r;musaT~aH;0.25;0.0;50.0;0.12143979;0.13666809;0.18607885;0.07908329;0.10604387;0.10512667
00052026;r;mukaE~ab;0.0;0.03125;100.0;0.11097211;0.06370188;0.10966519;0.11711159;0.12636729;0.15354456
00221583;r;Eumuwm;0.0;0.1875;50.0;0.10095280;0.10050040;0.15635548;0.12581315;0.15195976;0.12135552
00004288;r;salob;0.0;0.5625;100.0;0.16861145;0.14528172;0.09771544;0.13355965;0.07659708;0.15191638
00273752;r;>aSowab;0.0;0.0;50.0;0.10023745;0.38367685;0.02756916;0.08315783;0.05135157;0.14065870
00086404;r;ma$oduwd;0.1875;0.0;50.0;0.12506842;0.12065227;0.12553691;0.15363201;0.11593824;0.11621129
00110919;r;xArijiy~;0.0;0.0;33.0;0.10764044;0.12051711;0.18394007;0.09756350;0.17018986;0.14263082
00156222;r;EaraD;0.09375;0.0;50.0;0.07378161;0.13915502;0.07636995;0.08812864;0.15022483;0.08922383
00502710;r;siy~amA;0.0;0.0;100.0;0.05510985;0.11479064;0.10932560;0.13704814;0.10754576;0.18383511
00032299;r;gaDanofariy~;0.125;0;50;0.22405877;0.05985982;0.14531118;0.18915905;0.08412536;0.06276331
00165018;r;jid~iy~;0.125;0.125;50.0;0.13853298;0.16523606;0.14547867;0.08763672;0.14539821;0.11824717
00409709;r;maqorabap;0;0;50;0.09215280;0.05831634;0.10319543;0.42546968;0.07351573;0.09005477
00044861;r;quSAd;0;0.125;50;0.01164785;0.32986915;0.00366975;0.07736138;0.07209277;0.14076926
00107416;r;>axiyr;0;0;67;0.10573253;0.13329133;0.12552096;0.12243636;0.10275396;0.11329322
00409709;r;jiwAr;0.0;0.0;33.0;0.09776648;0.06633179;0.13458983;0.32664659;0.08963733;0.11475870
00297563;r;luEonap;0.25;0;50;0.10908715;0.00000000;0.43939575;0.02579934;0.12700503;0.13895156
00118965;r;mar~ap;0.0;0.0;50.0;0.08858677;0.11244719;0.08662347;0.14556316;0.10635320;0.14867146
00032299;r;EaZiym;0.125;0;50;0.22405877;0.05985982;0.14531118;0.18915905;0.08412536;0.06276331
00084840;r;mufaS~al;0.4375;0.0;33.0;0.04604226;0.09409906;0.03128206;0.10170308;0.07603230;0.32064746
00227323;r;gaDab;0;0.125;50;0.30994059;0.10013286;0.08572167;0.08671316;0.12922448;0.04514275
00343660;r;biyAnuw;0;0;100;0.02648972;0.12068822;0.03110100;0.17738276;0.07755159;0.18603375
00452931;r;wajiyz;0.0625;0.0078125;33.0;0.11593810;0.12663941;0.05907947;0.10416306;0.10136542;0.13047929
00062330;r;qaSod;0.375;0;100;0.15994321;0.14461084;0.06092096;0.08561180;0.16339911;0.10645197
00008007;r;>uwl;0.5;0;100;0.11416695;0.11600639;0.09701667;0.11616079;0.14578671;0.17117508
00024073;r;gayor;0;0.625;50;0.14617802;0.15567172;0.10510021;0.10275339;0.10985980;0.12269524
00442669;r;qaT~AEiy~;0;0;100;0.14468561;0.01086448;0.10485863;0.15267429;0.08970100;0.08817581
00077168;r;>alomaE;0.375;0.125;50;0.06058771;0.15914484;0.07064773;0.19190739;0.11119039;0.20422474
00009373;r;baroquwqiy~;0.1875;0.0;50.0;0.04902549;0.00000000;0.00000000;0.28400129;0.04593448;0.09219202
00039318;r;mufoSiH;0.3125;0.0;50.0;0.16593647;0.27473732;0.09317480;0.15953381;0.04797112;0.08293602
00204125;r;magoluwT;0.25;0.0;50.0;0.18844860;0.09322420;0.22235113;0.03406123;0.12670517;0.06908701
00429274;r;vamiyn;0;0.25;50;0.38839478;0.00178502;0.08490437;0.00000000;0.26167586;0.00000000
00324135;r;$aroq;0;0;50;0.00837197;0.04078187;0.03993498;0.27201378;0.11341454;0.22982755
00145713;r;kafiy~;0.125;0;50;0.11261260;0.11800689;0.10968548;0.10951274;0.10708255;0.18206516
00112601;r;TAzij;0;0;100;0.09155757;0.06227431;0.10091039;0.21321677;0.09951923;0.12643324
00057388;r;Hamiyd;0.1875;0.0;50.0;0.08595121;0.09167722;0.06603776;0.16306542;0.10503691;0.13677346
00102463;r;garAmap;0.3125;0.0;50.0;0.02815688;0.14941575;0.02949704;0.38788437;0.04094593;0.09793183
00230189;r;maTowaY;0.03125;0.03125;50.0;0.10087962;0.09420682;0.23323779;0.09334168;0.18405402;0.11503912
00067045;r;musobaq;0.0625;0.0;50.0;0.12080741;0.11136317;0.10932801;0.15170230;0.11879115;0.13674202
00040365;r;ja*aE;0;0;50;0.12791215;0.14483070;0.09207434;0.12281557;0.12395932;0.13064909
00427057;r;mirojAs;0.09375;0.0;50.0;0.04902549;0.00000000;0.00000000;0.28400129;0.04593448;0.09219202
00161630;r;sahol;0.1875;0.0;50.0;0.08598520;0.06142409;0.03758100;0.46268358;0.07495912;0.05567885
00112601;r;tAzah;0;0;50;0.09155757;0.06227431;0.10091039;0.21321677;0.09951923;0.12643324
00032299;r;muEotaz~;0.125;0;50;0.22405877;0.05985982;0.14531118;0.18915905;0.08412536;0.06276331
00069901;r;Say~it;0;0;100;0.14424224;0.08495540;0.07085562;0.09876634;0.09567032;0.19966702
00069901;r;jahowariy~;0;0;100;0.14424224;0.08495540;0.07085562;0.09876634;0.09567032;0.19966702
00148139;r;raxoS;0.125;0;50;0.07218118;0.02642762;0.00000000;0.63252517;0.05485195;0.00592862
00505226;r;jaEod;0.1875;0.0;100.0;0.12506842;0.12065227;0.12553691;0.15363201;0.11593824;0.11621129
00058128;r;musotawiy;0.125;0.0;33.0;0.12849131;0.12734736;0.09418019;0.12586667;0.09011461;0.14886846
00077168;r;muzohir;0.375;0.125;50;0.06058771;0.15914484;0.07064773;0.19190739;0.11119039;0.20422474
00075966;r;mutaxal~if;0.0;0.0;50.0;0.12577826;0.14748698;0.14811909;0.09328345;0.13195678;0.13183623
00417787;r;mADiy;0;0;50;0.11501089;0.12721656;0.15373670;0.10949784;0.12665620;0.11990250
00008997;r;bat~ap;0.5;0.0;100.0;0.11474359;0.08512749;0.11912645;0.10852037;0.15739260;0.12192554
00177818;r;muyAwamap;0.0;0.1875;50.0;0.14789847;0.13678122;0.10907247;0.09545503;0.13712149;0.11214710
00016458;r;say~i';0.125;0.25;100.0;0.06211426;0.08506950;0.22163524;0.08646384;0.10906279;0.13217872
00196203;r;xaluwq;0.25;0;50;0.13595461;0.16114476;0.08776397;0.11618680;0.10138015;0.11205197
00085811;r;xaTof;0;0;50;0.05354767;0.11008772;0.27400946;0.08085277;0.09880213;0.12147801
00472323;r;Hulow;0.25;0;50;0.00000000;0.01011418;0.04672654;0.11288754;0.03441801;0.23963046
00151755;r;>abotaE;0.25;0.0;50.0;0.10936808;0.12880873;0.10094683;0.11728072;0.14573174;0.15874892
00039318;r;muSomat;0.5;0;50;0.16513758;0.21706213;0.04654205;0.12071251;0.09270005;0.11147642
00135314;r;maHal~iy~;0.0;0.0;100.0;0.07478474;0.04982355;0.06885037;0.19032860;0.10111752;0.21389541
00386393;r;lArj;0.0;0.125;100.0;0.32126531;0.06550681;0.15892613;0.21917691;0.07798256;0.06626332
00043003;r;ka*A;0.0;0.0;67.0;0.18449952;0.11412444;0.07581170;0.14313777;0.09589170;0.11537027
00039318;r;HAf~;0.5;0;100;0.16513758;0.21706213;0.04654205;0.12071251;0.09270005;0.11147642
00355615;r;vaqiyl;0;0;50;0.12001541;0.11798754;0.15378849;0.11551373;0.15541169;0.10797081
00390941;r;hif~;0;0;50;0.11403240;0.11480751;0.03898492;0.11612903;0.11081662;0.06530499
00101752;r;nahoj;0;0;33;0.11168461;0.10205662;0.14606259;0.11192454;0.12862005;0.12659290
00277585;r;Taro$ap;0;0;100;0.07482818;0.18523664;0.14440201;0.30218289;0.03017635;0.07835048
00476962;r;vaxiyn;0.0;0.0;50.0;0.00000000;0.01376882;0.02268091;0.11480445;0.11002279;0.46784781
00077168;r;sATiE;0.375;0.125;50;0.06058771;0.15914484;0.07064773;0.19190739;0.11119039;0.20422474
00061528;r;qaSiyr;0.0009765625;0.0625;50.0;0.14469034;0.12699078;0.04315666;0.11966857;0.06344884;0.17532695
00177818;r;dayoliy;0.0;0.1875;100.0;0.14789847;0.13678122;0.10907247;0.09545503;0.13712149;0.11214710
00092156;r;$Aq~;0.00244140625;0.205810546875;50.0;0.10963319;0.13521252;0.09704811;0.12003410;0.10353708;0.18329777
00060632;r;sAlif;0.0;0.0;50.0;0.08285292;0.11142268;0.10718629;0.15755391;0.09096865;0.09673318
00113904;r;|liy~;0.1875;0.0;50.0;0.14720627;0.11963058;0.04853317;0.16150896;0.15728317;0.04931046
00020280;r;dawom;0.0625;0.125;50.0;0.07961941;0.10365691;0.07897135;0.10723252;0.16260983;0.20565127
00100592;r;mubak~ir;0.125;0.0;100.0;0.12483329;0.11817645;0.13261793;0.14659285;0.13641040;0.10652670
00272844;r;>ufuqiy~;0.0;0.0;50.0;0.09309528;0.05981641;0.14585986;0.14076424;0.13279288;0.18037988
00068368;r;EalaY;0.025634765625;0.0;50.0;0.10727688;0.09677706;0.12693885;0.11379841;0.10712895;0.15571047
00171135;r;<i*o;0.0;0.0;100.0;0.13300768;0.11125093;0.06533991;0.09680659;0.18664609;0.13223911
00104990;r;mahol;0.0625;0.03125;50.0;0.09875726;0.05518039;0.08769989;0.22771657;0.10748143;0.14155867
00077168;r;waD~AH;0.28125;0.03125;50.0;0.13979900;0.26025800;0.09920121;0.17733253;0.05259371;0.10612310
00007488;r;muTolaq;0.5;0.0;100.0;0.11474359;0.08512749;0.11912645;0.10852037;0.15739260;0.12192554
00044861;r;Hi*A';0;0.125;50;0.01164785;0.32986915;0.00366975;0.07736138;0.07209277;0.14076926
00011516;r;maEoluwl;0.0;0.59375;100.0;0.03705608;0.15174117;0.29252621;0.02592317;0.16682801;0.03175421
00482373;r;muvan~aY;0;0;50;0.00000000;0.00000000;0.00000000;0.00000000;0.00000000;0.85121936
00065748;r;|xir;0.0;0.0;50.0;0.09842944;0.07762608;0.07569102;0.13792235;0.09425034;0.15111668
00032803;r;kaviyr;0.21875;0.00390625;66.5;0.09054754;0.11689374;0.08461315;0.13214548;0.11314786;0.20096465
00285687;r;nay~ir;0.1875;0.0;50.0;0.16713254;0.31029180;0.10802162;0.18001343;0.02479611;0.06861391
00088655;r;badAhap;0.1875;0.0;100.0;0.05849813;0.04915411;0.21046677;0.11998462;0.04917839;0.21645730
00496010;r;wasiyE;0.0;0.0;100.0;0.06688502;0.12728081;0.03482620;0.14846134;0.14392340;0.20440928
00148139;r;wavir;0.125;0;33;0.07218118;0.02642762;0.00000000;0.63252517;0.05485195;0.00592862
00166025;r;mAtiE;0.0;0.0;100.0;0.10604108;0.12167355;0.10872297;0.11732677;0.11755121;0.14965350
00486384;r;taHotiy~;0.0;0.0009765625;50.0;0.12785930;0.12312313;0.17515120;0.09914795;0.15724485;0.08836364
00486917;r;maTomuwr;0.0;0.0;100.0;0.16019208;0.07096951;0.27418381;0.06855582;0.13445415;0.09247067
00036935;r;Hatom;0.25;0;100;0.11456947;0.07430239;0.08204024;0.12719888;0.12004596;0.25018076
00509432;r;dugoriy;0.25;0.0;50.0;0.12805450;0.13181777;0.11261746;0.12701673;0.09745846;0.13141325
00077168;r;>abolaj;0.375;0.125;50;0.06058771;0.15914484;0.07064773;0.19190739;0.11119039;0.20422474
00035385;r;nadorap;0;0.125;50;0.07942994;0.14753458;0.13411855;0.09834273;0.13580039;0.16346192
00051268;r;tarobiyEap;0.0;0.03125;50.0;0.11097211;0.06370188;0.10966519;0.11711159;0.12636729;0.15354456
00174491;r;rakiyn;0.25;0;50;0.02145619;0.06771502;0.06986980;0.17969751;0.08864873;0.43457046
00038625;r;mi$owAr;0.125;0.25;50;0.08437736;0.13828686;0.09105976;0.13029298;0.07208651;0.21296919
00087916;r;dawAm;0.25;0;100;0.10810850;0.10209971;0.10847503;0.08780363;0.16031345;0.14637957
00148139;r;ru&od;0.125;0;50;0.07218118;0.02642762;0.00000000;0.63252517;0.05485195;0.00592862
00151755;r;Suborap;0.0;0.0;50.0;0.17767881;0.14294140;0.06470755;0.09743751;0.28430493;0.10058588
00107416;r;Hadiyv;0;0;50;0.10573253;0.13329133;0.12552096;0.12243636;0.10275396;0.11329322
00357251;r;Ealiy~;0.03125;0.0;50.0;0.00450918;0.01207362;0.03912531;0.46484876;0.00169366;0.19892602
00009541;r;baroquwq;0.1875;0.0;100.0;0.04902549;0.00000000;0.00000000;0.28400129;0.04593448;0.09219202
00417787;r;bi;0.0;0.25;50.0;0.11530490;0.11583760;0.13387795;0.11890085;0.13638336;0.13150497
00064946;r;>avonA'a;0;0;67;0.14082902;0.07724957;0.20775806;0.14677114;0.11628420;0.10465987
00044861;r;tiloqA';0;0.125;50;0.01164785;0.32986915;0.00366975;0.07736138;0.07209277;0.14076926
00007703;r;juzo}iy~;0;0;50;0.08490415;0.12476349;0.21627307;0.11579079;0.15178324;0.09248895
00044861;r;maEokuws;0;0.125;33;0.01164785;0.32986915;0.00366975;0.07736138;0.07209277;0.14076926
00112601;r;gaDiyD;0;0;50;0.09155757;0.06227431;0.10091039;0.21321677;0.09951923;0.12643324
00051440;r;marobuwE;0.0;0.03125;50.0;0.11097211;0.06370188;0.10966519;0.11711159;0.12636729;0.15354456
00503102;r;la*~AE;0;0;33;0.07552983;0.06484176;0.06132693;0.06978861;0.23338838;0.11432451
00478040;r;galiyZ;0.0;0.0;33.0;0.00000000;0.01376882;0.02268091;0.11480445;0.11002279;0.46784781
00222879;r;baTiy';0.0;0.0;50.0;0.08137396;0.07183502;0.11521858;0.19182333;0.16717024;0.16362399
00181676;r;xArij;0.0;0.0;81.25;0.11569873;0.11062717;0.15411229;0.11435232;0.15883672;0.15003293
00047534;r;kamA;0.0;0.0625;33.0;0.12468443;0.13813733;0.09634403;0.13766787;0.09764459;0.14976379
00046299;r;tamoriyr;0;0.125;50;0.07159158;0.07833520;0.07990998;0.14537524;0.06952256;0.12485367
00100002;r;lazib;0;0.375;100;0.06368573;0.09835215;0.08844789;0.12793992;0.11762350;0.17129857
00059171;r;>ay~amA;0.2578125;0.0078125;50.0;0.09238164;0.11324012;0.08890836;0.12799949;0.11646049;0.19676010
00037641;r;>ajal;0.0625;0.0;33.0;0.13007150;0.13917295;0.08171714;0.10806127;0.10109726;0.16997544
00077619;r;maHobuwb;0.4375;0.0625;50.0;0.02999399;0.12940962;0.00257554;0.15511473;0.25858836;0.18557759
00503102;r;bat~Ar;0;0;50;0.07552983;0.06484176;0.06132693;0.06978861;0.23338838;0.11432451
00109328;r;hunAlika;0.0;0.0;100.0;0.12360098;0.13632342;0.11177732;0.11942110;0.11600855;0.15687324
00010466;r;$aboEAn;0;0;50;0.10070151;0.08801024;0.20101604;0.13310669;0.08970429;0.18834534
00079947;r;HAliq;0.0625;0.0;100.0;0.08227909;0.06934756;0.18395995;0.10575466;0.11139199;0.17345955
00037641;r;<in~amA;0.0;0.0;50.0;0.14242870;0.12487761;0.08159628;0.10583537;0.10275100;0.17258578
00138410;r;>aw~al;0.0098876953125;0.0;83.67578125;0.07364083;0.08676297;0.10541957;0.11409224;0.08691902;0.18231923
00112601;r;gaDiyr;0;0;33;0.09155757;0.06227431;0.10091039;0.21321677;0.09951923;0.12643324
00077168;r;zAhir;0.375;0.125;50;0.06058771;0.15914484;0.07064773;0.19190739;0.11119039;0.20422474
00031798;r;qado;0.125;0;100;0.15343029;0.14025764;0.12380373;0.11365198;0.12803829;0.10569830
00046299;r;EimolAq;0;0.125;33;0.07159158;0.07833520;0.07990998;0.14537524;0.06952256;0.12485367
00144405;r;zaman;0;0;50;0.21582533;0.05207616;0.13681991;0.12510805;0.13626936;0.12971203
00071456;r;Tawofap;0;0;50;0.09870396;0.08314504;0.12545618;0.15716863;0.18368362;0.12398502
00507927;r;sawA;0.0;0.0;100.0;0.07529200;0.11752672;0.07838168;0.15219832;0.09128099;0.20742380
00156654;r;$afap;0.0;0.0;50.0;0.31683210;0.06230364;0.13657913;0.09968229;0.07776401;0.08067190
00105603;r;sariyE;0.0234375;0.3125;50.0;0.15928795;0.13690967;0.16255525;0.10524069;0.07710528;0.12404159
00427394;r;faroqaEap;0;0;33;0.00000000;0.00000000;0.62010846;0.05854550;0.00000000;0.32134603
00486296;r;taHota;0.0;0.03125;100.0;0.12959553;0.12286644;0.18097479;0.09608542;0.16145076;0.08508646
00148139;r;waviyr;0.125;0;33;0.07218118;0.02642762;0.00000000;0.63252517;0.05485195;0.00592862
00233687;r;ladaY;0.0;0.25;50.0;0.11530490;0.11583760;0.13387795;0.11890085;0.13638336;0.13150497
00011093;r;Tiyb;0.1875;0.0;50.0;0.08595121;0.09167722;0.06603776;0.16306542;0.10503691;0.13677346
00162765;r;EalAniy~ap;0.0625;0.0;50.0;0.15546192;0.11915481;0.11176675;0.10257938;0.11329223;0.10552142
00112279;r;duwaliy~;0;0;50;0.12239197;0.07424612;0.07936171;0.13466334;0.13774701;0.22418486
00010466;r;kAmil;0;0;33;0.10070151;0.08801024;0.20101604;0.13310669;0.08970429;0.18834534
00249043;r;Eafowiy~;0.15625;0.0;50.0;0.06914300;0.04999100;0.15213609;0.12425888;0.06798231;0.22392068
00356957;r;EAliy;0.0625;0.0;50.0;0.00901836;0.02414723;0.03884147;0.43499121;0.00338732;0.20451376
00258677;r;saToHiy~;0;0;33;0.01221569;0.04357093;0.01905658;0.07418750;0.00543098;0.50701735
00086404;r;saduwd;0.1875;0.0;50.0;0.12506842;0.12065227;0.12553691;0.15363201;0.11593824;0.11621129
00285092;r;qa$iyb;0.1875;0.1875;33.0;0.05144902;0.07021421;0.02353179;0.26432776;0.07762168;0.17236613
00503102;r;qaS~Al;0;0;50;0.07552983;0.06484176;0.06132693;0.06978861;0.23338838;0.11432451
00008007;r;$at~aY;0.5;0;50;0.11416695;0.11600639;0.09701667;0.11616079;0.14578671;0.17117508
00021878;r;tArap;0.0;0.0;50.0;0.08877006;0.10987910;0.08808957;0.14191338;0.10627956;0.15340085
00007703;r;jihap;0;0;33;0.08490415;0.12476349;0.21627307;0.11579079;0.15178324;0.09248895
00048739;r;fawor;0.03125;0.046875;50.0;0.18076696;0.13035334;0.13456852;0.09743393;0.15537410;0.10504064
00011516;r;saqiym;0.0;0.58984375;36.71875;0.04107102;0.14998133;0.28629803;0.02890187;0.17196592;0.03821752
00223859;r;Eanowap;0.1875;0.0;50.0;0.23166436;0.12174232;0.11986703;0.07135533;0.10019069;0.10368286
00495524;r;fasiyH;0.0;0.0;33.0;0.06688502;0.12728081;0.03482620;0.14846134;0.14392340;0.20440928
00289860;r;qaliyl;0;0;50;0.15657669;0.09955867;0.16486434;0.10368781;0.15074950;0.09403392
00106759;r;>aqosaT;0.1875;0.1875;50.0;0.05387255;0.14042842;0.04706358;0.24465424;0.10930887;0.25254024
00089076;r;>abadiy~ap;0.03125;0.03125;50.0;0.06177159;0.08090438;0.08657957;0.11528505;0.18899417;0.22044588
00231765;r;TawoEiy~;0.375;0;100;0.13032078;0.16013781;0.19238633;0.07842865;0.11082491;0.09615667
00015471;r;Hasan;0.5146401824951172;0.06251016235351563;99.86402893066406;0.09179203;0.12799144;0.08712464;0.14071550;0.11679926;0.15603380
00114310;r;<idAriy~;0.0;0.0;50.0;0.17968045;0.16302859;0.07358246;0.13102289;0.10072704;0.09869382
00432314;r;suxon;0.25;0;50;0.03299575;0.17984928;0.07237011;0.23015844;0.11470371;0.11283335
00101752;r;Tariyq;0;0;50;0.11168461;0.10205662;0.14606259;0.11192454;0.12862005;0.12659290
00408021;r;mukA$ir;0;0;100;0.02831290;0.04189222;0.11063312;0.19945553;0.07974007;0.05810105
00105603;r;$ahil;0;0;50;0.10389989;0.09224776;0.09616283;0.20306464;0.06105890;0.27786903
00275974;r;mufaro$ix;0.0;0.0;50.0;0.13523494;0.04989595;0.00000000;0.00000000;0.13526125;0.28051887
00188057;r;>aHosan;0.25;0.0;50.0;0.05860988;0.08911031;0.08160155;0.17466981;0.11355852;0.14442443
00390941;r;nuwr;0;0;100;0.11403240;0.11480751;0.03898492;0.11612903;0.11081662;0.06530499
00393149;r;munoxafiD;0;0;50;0.00000000;0.00895255;0.26540794;0.18652967;0.17174341;0.16638656
00342624;r;gaSob;0.25;0;50;0.40513868;0.15867002;0.07545475;0.06108412;0.08909788;0.03102606
00025144;r;dAmiy;0;0.25;100;0.12115573;0.10571777;0.12634192;0.16775420;0.06452723;0.19714736
00050817;r;Salod;0.5;0;50;0.10101334;0.13791752;0.05451778;0.11837534;0.07049186;0.24613023
00148139;r;xariE;0.125;0;50;0.07218118;0.02642762;0.00000000;0.63252517;0.05485195;0.00592862
00503102;r;laho*am;0;0;50;0.07552983;0.06484176;0.06132693;0.06978861;0.23338838;0.11432451
00422281;r;maroHaliy~;0;0;50;0.05206089;0.00000000;0.07450045;0.04462023;0.00000000;0.77275790
00167286;r;>aSol;0.0078125;0.0;50.0;0.11656376;0.12227900;0.11098186;0.12940027;0.11956694;0.12210305
00277585;r;SafoEap;0;0;50;0.07482818;0.18523664;0.14440201;0.30218289;0.03017635;0.07835048
00071456;r;nAhid;0;0;50;0.09870396;0.08314504;0.12545618;0.15716863;0.18368362;0.12398502
00012779;r;dawAyap;0.393589111328125;0.19775;50.0;0.09068909;0.11844485;0.09578012;0.14054564;0.11642122;0.16176502
00305570;r;qaEiyr;0.0;0.0;100.0;0.10441884;0.08993036;0.14881642;0.10778279;0.15091025;0.16573020
00038625;r;miEorAD;0.0625;0.1875;50.0;0.07798447;0.10831103;0.08548487;0.13783411;0.07080454;0.16891143
00059607;r;xuwraY;0.4375;0.0;50.0;0.06411644;0.11154929;0.09558230;0.16017802;0.10454080;0.17276040
00161630;r;yasiyr;0.01806640625;0.125;50.0;0.20075029;0.12626494;0.04122253;0.12658429;0.12636368;0.08818623
00019757;r;dA}im;0.03125;0.0625;100.0;0.07947572;0.11202716;0.06811699;0.11653582;0.11758311;0.20272160
00155621;r;gAlib;0.0625;0.140625;33.0;0.10457633;0.08501702;0.15594217;0.11831947;0.13991784;0.13715814
00222879;r;hadAd;0.0;0.0;50.0;0.08137396;0.07183502;0.11521858;0.19182333;0.16717024;0.16362399
00087188;r;qaToEiy~;0.375;0.125;50.0;0.16172988;0.11847696;0.09453055;0.13046237;0.08887781;0.16315715
00030654;r;>aqoSaY;0.0;0.0;50.0;0.43129825;0.00000000;0.00000000;0.56870175;0.00000000;0.00000000
00144722;r;>akiyd;0.25;0;100;0.08087587;0.18325896;0.08582597;0.11934332;0.09984059;0.16149141
00148139;r;raxAx;0.125;0;50;0.07218118;0.02642762;0.00000000;0.63252517;0.05485195;0.00592862
00010466;r;mumotali};0;0;50;0.10070151;0.08801024;0.20101604;0.13310669;0.08970429;0.18834534
00088655;r;{irotijAliy~;0.25;0;50;0.03899875;0.03276941;0.14031118;0.16146837;0.03278559;0.22693637
00244043;r;$amAliy~;0;0;50;0.01978009;0.04794083;0.47694690;0.06657588;0.12773619;0.03817871
00417787;r;fAriT;0;0;50;0.11501089;0.12721656;0.15373670;0.10949784;0.12665620;0.11990250
00250056;r;muHA*Ap;0;0;50;0.14008083;0.06667903;0.13564963;0.18477661;0.14825366;0.05888676
00080039;r;duwn;0.0;0.0;20.0;0.02550191;0.05960367;0.07851377;0.11717761;0.07981390;0.18606578
00354033;r;jAsi};0.0;0.25;50.0;0.06642044;0.07386178;0.33547255;0.08202274;0.23533967;0.05843601
00071456;r;jawolap;0;0;33;0.09870396;0.08314504;0.12545618;0.15716863;0.18368362;0.12398502
00277585;r;laTomap;0;0;33;0.07482818;0.18523664;0.14440201;0.30218289;0.03017635;0.07835048
00022131;r;ka;0;0.125;50;0.11024408;0.12262611;0.08950157;0.14279707;0.10122926;0.16708996
00212604;r;qaT~u;0.0;0.0;100.0;0.07657881;0.10860463;0.07874778;0.13187794;0.11281088;0.18860131
00335809;r;gador;0.25;0;50;0.15081939;0.02239370;0.42212338;0.03012951;0.12842968;0.03080256
00075269;r;warA}iy~;0.0;0.0;50.0;0.10482126;0.11237659;0.09806711;0.13208404;0.13517398;0.14764426
00393149;r;wATi};0;0;50;0.00000000;0.00895255;0.26540794;0.18652967;0.17174341;0.16638656
00112601;r;gaDir;0;0;33;0.09155757;0.06227431;0.10091039;0.21321677;0.09951923;0.12643324
00388494;r;wa}iyd;0.0;0.0;50.0;0.06828859;0.06029950;0.12203949;0.15688103;0.13400154;0.15389300
00466652;r;nA$if;0.0625;0.125;33.0;0.00000000;0.00000000;0.83815657;0.09249025;0.00000000;0.06935319
00073033;r;kAd;0;0;100;0.10338015;0.07434723;0.16598423;0.22782350;0.10575892;0.13946262
00058128;r;waTiy';0.125;0.0;50.0;0.06071990;0.07281032;0.22574340;0.13280648;0.13889364;0.13575661
00161630;r;sulaHofA}iy~;0.0;0.0;50.0;0.08137396;0.07183502;0.11521858;0.19182333;0.16717024;0.16362399
00017639;r;Hat~aY;0.078125;0.203125;50.0;0.11822834;0.13909898;0.09109104;0.11633582;0.10793894;0.16095029
00057388;r;xayor;0.140625;0.0;62.5;0.09000312;0.09376823;0.06866617;0.16322033;0.10300169;0.12875318
00161630;r;luka>ap;0.0;0.0;50.0;0.08679958;0.09626071;0.11411192;0.15325464;0.15960701;0.16350397
00161630;r;mutamAhil;0.0;0.0;50.0;0.08137396;0.07183502;0.11521858;0.19182333;0.16717024;0.16362399
00335809;r;muboTal;0.25;0;50;0.15081939;0.02239370;0.42212338;0.03012951;0.12842968;0.03080256
00092814;r;burohiy~;0.0;0.0;100.0;0.05621876;0.26569756;0.27696852;0.09346623;0.10400303;0.12210976
00393240;r;*ulo*ul;0;0;50;0.06344475;0.08661221;0.03276191;0.15912935;0.29612931;0.14520537
00439257;r;Huw$iy~;0.125;0.0;50.0;0.07724549;0.09265185;0.05082238;0.16050809;0.05248307;0.22258860
00047903;r;nihA}iy~;0.0625;0.0;50.0;0.10516532;0.13056598;0.08323440;0.13856680;0.10540171;0.16254886
00505114;r;waHod;0.078125;0.080078125;50.0;0.13721165;0.13231165;0.10167626;0.12164374;0.12176585;0.13721809
00009966;r;luTof;0.125;0;100;0.10890539;0.14485406;0.10457840;0.08174777;0.12343774;0.13549711
00255415;r;munotaSaf;0;0;50;0.07878012;0.14973825;0.11196887;0.13558068;0.08882357;0.11539311
00179677;r;Eabav;0.1875;0.0;50.0;0.15858643;0.10510373;0.02233885;0.09945602;0.12947802;0.13967015
00085811;r;Haviyv;0.0;0.0;50.0;0.08892863;0.10155697;0.14439143;0.15139640;0.09006232;0.20582704
00112393;r;qasor;0.125;0.0;50.0;0.11935336;0.16588694;0.10533115;0.11232150;0.06559239;0.15960186
00169971;r;{ifotirADiy~;0;0;100;0.09247821;0.55962534;0.01545467;0.01600990;0.01955752;0.08388916
00043003;r;fa;0.0;0.0;50.0;0.11333719;0.12687329;0.09099751;0.12053427;0.11179944;0.16671458
00495858;r;raHoraH;0.0625;0.0;33.0;0.09846666;0.13162375;0.14444568;0.09145823;0.12469146;0.13145207
00046299;r;gAyap;0.34375;0.03125;50.0;0.09684020;0.10713865;0.10887331;0.12647441;0.11746513;0.13289736
00020142;r;tibAE;0.375;0;33;0.01454315;0.12873937;0.01238786;0.13516342;0.22900478;0.37296296
00133140;r;EiyAn;0.25;0;50;0.02729072;0.03677122;0.06789549;0.24780860;0.09052261;0.30353559
00335809;r;{ifotirA}iy~;0.25;0;50;0.15081939;0.02239370;0.42212338;0.03012951;0.12842968;0.03080256
00341227;r;munobasaT;0.25;0.0;50.0;0.12143979;0.13666809;0.18607885;0.07908329;0.10604387;0.10512667
00112279;r;EAlamiy~;0;0;50;0.12239197;0.07424612;0.07936171;0.13466334;0.13774701;0.22418486
00285854;r;rA}iq;0.1875;0.0;33.0;0.16713254;0.31029180;0.10802162;0.18001343;0.02479611;0.06861391
00120095;r;mutawAkib;0;0;50;0.16182889;0.13250892;0.08170317;0.12791471;0.13816314;0.09390656
00007015;r;taxomiyn;0.125;0.1875;50.0;0.07424082;0.07711275;0.28466099;0.09498328;0.22638148;0.07924904
00061528;r;qatiyl;0.3125;0.0;39.375;0.13183425;0.08135437;0.07912570;0.09998172;0.19726450;0.12196293
00476962;r;javol;0.0;0.0;50.0;0.00000000;0.01376882;0.02268091;0.11480445;0.11002279;0.46784781
00031899;r;TaqoTaqap;0.25;0.25;50;0.06065043;0.08200999;0.06878399;0.22890416;0.06777259;0.26588099
00155621;r;EAm~ap;0.0;0.28125;50.0;0.09960131;0.10589343;0.15060389;0.13133002;0.15155387;0.11936328
00038625;r;Tabaq;0.125;0.25;33;0.08437736;0.13828686;0.09105976;0.13029298;0.07208651;0.21296919
00302120;r;Eiforiyt;0.125;0;33;0.00000000;0.00000000;0.00000000;0.70009678;0.00000000;0.12632184
00354033;r;>aHora$;0.0;0.25;100.0;0.06642044;0.07386178;0.33547255;0.08202274;0.23533967;0.05843601
00285687;r;mut~aDiH;0.1875;0.0;50.0;0.16713254;0.31029180;0.10802162;0.18001343;0.02479611;0.06861391
00035718;r;daE~Ab;0.125;0.25;50;0.07822983;0.06983626;0.16837381;0.12633825;0.12477511;0.12125402
00112601;r;TAzah;0;0;50;0.09155757;0.06227431;0.10091039;0.21321677;0.09951923;0.12643324
00067045;r;|nif;0.0;0.0;50.0;0.11020979;0.12431527;0.11551204;0.14841688;0.10397113;0.12610787
00107416;r;maroHuwm;0.0625;0.125;50.0;0.12360305;0.14541724;0.12278335;0.12389427;0.11075338;0.09918668
00503102;r;qASil;0;0;50;0.07552983;0.06484176;0.06132693;0.06978861;0.23338838;0.11432451
00024073;r;layosa;0;0.625;100;0.14617802;0.15567172;0.10510021;0.10275339;0.10985980;0.12269524
00161630;r;muwas~ad;0.125;0.0;50.0;0.07494567;0.04026915;0.04425763;0.48280100;0.08153032;0.05969429
00409709;r;dunoyA;0.0;0.0;33.0;0.04888324;0.03764217;0.19999889;0.25658813;0.13069037;0.14057263
00157967;r;munofarid;0.125;0.125;50.0;0.10887387;0.12555136;0.08920775;0.14686405;0.10175930;0.17890707
00058128;r;bano$ar;0.25;0.0;50.0;0.12143979;0.13666809;0.18607885;0.07908329;0.10604387;0.10512667
00008600;r;baHot;0.125;0.125;50.0;0.12236754;0.14010591;0.09442939;0.12092437;0.09399181;0.12597135
00007703;r;yumuwm;0;0;33;0.08490415;0.12476349;0.21627307;0.11579079;0.15178324;0.09248895
00344771;r;rAbiE;0.0;0.0;75.0;0.00000000;0.00000000;0.00000000;0.00000000;0.00000000;1.00000000
00039318;r;jaliy~;0.21875;0.0;50.0;0.16733113;0.29923146;0.09212867;0.17084259;0.03557307;0.07572305
00501990;r;fiy;0;0;100;0.05325778;0.04153141;0.03488165;0.16246656;0.04227692;0.18899906
00088303;r;muwaq~at;0.0;0.0;50.0;0.09467979;0.15475659;0.09245280;0.08767397;0.21162011;0.05079823
00225971;r;Sagiyr;0;0;50;0.05612419;0.03537895;0.04461952;0.15355478;0.04244250;0.64773474
00070765;r;taEas~ufiy~;0.4375;0.1875;50.0;0.36319541;0.05764230;0.04988456;0.39126609;0.03434456;0.05038717
00231765;r;muxotAr;0.375;0;100;0.13032078;0.16013781;0.19238633;0.07842865;0.11082491;0.09615667
00146387;r;yawom;0.015625;0.0;100.0;0.08881206;0.10528779;0.09040023;0.12980862;0.11145911;0.18004050
00117082;r;qariyn;0;0;50;0.09811155;0.12613763;0.07570431;0.15311016;0.09095033;0.15364771
00102986;r;vAliv;0;0;100;0.08191559;0.00000000;0.28554388;0.00000000;0.03542349;0.19590930
00070765;r;juzAf;0.375;0;100;0.22360940;0.11528459;0.09976913;0.28531361;0.06868912;0.10077434
00285687;r;bay~in;0.1875;0.0;33.0;0.16713254;0.31029180;0.10802162;0.18001343;0.02479611;0.06861391
00020476;r;dirAk;0.0625;0.125;50.0;0.07961941;0.10365691;0.07897135;0.10723252;0.16260983;0.20565127
00033139;r;|xirap;0.0;0.0;100.0;0.21568016;0.18613511;0.18733041;0.14128699;0.03202658;0.08206782
00225971;r;Da}iyl;0;0;33;0.05612419;0.03537895;0.04461952;0.15355478;0.04244250;0.64773474
00321824;r;duwbliyr;0.0;0.0;50.0;0.03384227;0.12917188;0.15172268;0.16934367;0.05847999;0.07258830
00388494;r;hawon;0.0625;0.03125;50.0;0.09875726;0.05518039;0.08769989;0.22771657;0.10748143;0.14155867
00137562;r;mudAwalap;0;0;50;0.10267426;0.13828001;0.03072057;0.09735129;0.16646707;0.13527057
00335809;r;mako*uwb;0.25;0;50;0.15081939;0.02239370;0.42212338;0.03012951;0.12842968;0.03080256
00442669;r;mufar~aq;0;0;100;0.14468561;0.01086448;0.10485863;0.15267429;0.08970100;0.08817581
00285687;r;wADiH;0.1875;0.0;33.0;0.16713254;0.31029180;0.10802162;0.18001343;0.02479611;0.06861391
00285687;r;naSiyE;0.1875;0.0;33.0;0.16713254;0.31029180;0.10802162;0.18001343;0.02479611;0.06861391
00244342;r;DuHaY;0.0;0.0;50.0;0.11121526;0.10327048;0.13040823;0.09785040;0.20425239;0.12744952
00174870;r;waHo$;0.125;0.0;50.0;0.07724549;0.09265185;0.05082238;0.16050809;0.05248307;0.22258860
00046299;r;taSoriyfiy~;0;0.125;50;0.07159158;0.07833520;0.07990998;0.14537524;0.06952256;0.12485367
00452810;r;qaT~;0.001953125;0.015625;100.0;0.12403908;0.13499080;0.04993215;0.11774458;0.06578110;0.11934213
00206386;r;sA}ib;0.0;0.0;50.0;0.06773999;0.15599940;0.00785549;0.17354132;0.05476981;0.37244340
00112393;r;{ifotiqArAt;0.25;0;50;0.10249603;0.13468007;0.11664294;0.10843542;0.08674802;0.17147066
00117620;r;<i*~Aka;0.0;0.0;100.0;0.13671589;0.12716536;0.09089586;0.12074110;0.10586339;0.15564076
00067045;r;muqad~am;0;0;100;0.11678153;0.10454989;0.08603809;0.15681175;0.10117191;0.16695735
00052026;r;sAHap;0.0;0.03125;33.0;0.11097211;0.06370188;0.10966519;0.11711159;0.12636729;0.15354456
00250570;r;musAnahap;0.0625;0.1875;50.0;0.08461671;0.07863122;0.20789615;0.12092976;0.13134628;0.07911291
00050817;r;mutamas~ik;0.5;0;33;0.10101334;0.13791752;0.05451778;0.11837534;0.07049186;0.24613023
00028424;r;>an~Y;0.0546875;0.125;50.0;0.14309650;0.14898606;0.10856180;0.11401175;0.12165129;0.11226975
00285854;r;Safiy~;0.1875;0.0;33.0;0.16713254;0.31029180;0.10802162;0.18001343;0.02479611;0.06861391
00368663;r;*At;0.21875;0.0;50.0;0.09422962;0.10716933;0.09068144;0.19619697;0.06977214;0.20508239
00336065;r;zuwr;0.125;0.0;100.0;0.17024357;0.17182889;0.11001415;0.05060465;0.08823294;0.07866761
00439257;r;falotAn;0.125;0.0;33.0;0.07724549;0.09265185;0.05082238;0.16050809;0.05248307;0.22258860
00503102;r;miqoSal;0;0;50;0.07552983;0.06484176;0.06132693;0.06978861;0.23338838;0.11432451
00065822;r;mu&ax~ar;0.0;0.0;50.0;0.10889218;0.12929793;0.09329899;0.13673929;0.10476175;0.14494187
00248765;r;xAS~ap;0.03125;0.0;50.0;0.06101719;0.10521873;0.11464189;0.13269946;0.10907453;0.19297095
00181342;r;zaf~ap;0.0;0.0;50.0;0.08858677;0.11244719;0.08662347;0.14556316;0.10635320;0.14867146
00321906;r;$iq~;0.0;0.0;50.0;0.03026637;0.11593192;0.12121997;0.14511705;0.09157247;0.11703068
00496010;r;sulATiH;0.0;0.0;100.0;0.07820087;0.13214063;0.05878600;0.13834807;0.14193279;0.17038078
00161932;r;jahor;0.0;0.0;100.0;0.14954976;0.12353083;0.16446004;0.08788318;0.10453980;0.06504176
00153261;r;EAjil;0.0625;0.09375;50.0;0.17210111;0.13273741;0.12795059;0.10024219;0.15423515;0.11139479
00176880;r;takorAr;0.0;0.0;50.0;0.15428227;0.12933637;0.08980638;0.07645812;0.13443890;0.12807366
00110815;r;taDAEiyf;0;0;33;0.12521876;0.10195021;0.13504664;0.12669415;0.12307868;0.18088169
00277585;r;naqorap;0;0;33;0.07482818;0.18523664;0.14440201;0.30218289;0.03017635;0.07835048
00008007;r;kul~iy~;0.3125;0.125;50.0;0.11806017;0.12440121;0.09198117;0.11744771;0.13213943;0.15346118
00010466;r;mamoluw';0;0;50;0.10070151;0.08801024;0.20101604;0.13310669;0.08970429;0.18834534
00116588;r;taDAm~;0.0;0.0;50.0;0.07529200;0.11752672;0.07838168;0.15219832;0.09128099;0.20742380
00477814;r;DAwiy;0;0;50;0.05712171;0.54159033;0.01377058;0.10351876;0.10619559;0.05892365
00051268;r;murab~aE;0.0;0.0625;33.0;0.11097211;0.06370188;0.10966519;0.11711159;0.12636729;0.15354456
00222879;r;mutamah~il;0.125;0.0625;50.0;0.11890334;0.06302031;0.06583941;0.20178379;0.09436231;0.12098185
00285092;r;namir;0.1875;0.1875;50.0;0.05144902;0.07021421;0.02353179;0.26432776;0.07762168;0.17236613
00118531;r;<igoDA';0;0.375;33;0.13324728;0.16785238;0.08557414;0.12890516;0.06019120;0.16510806
00033139;r;munoqalab;0.0;0.0;100.0;0.24216671;0.16068329;0.18308704;0.11329024;0.03122441;0.09082708
00390941;r;DiyA';0;0;50;0.11403240;0.11480751;0.03898492;0.11612903;0.11081662;0.06530499
00285092;r;munoSif;0.1875;0.1875;50.0;0.05387255;0.14042842;0.04706358;0.24465424;0.10930887;0.25254024
00167920;r;hador;0;0;50;0.00000000;0.00000000;0.00000000;0.29029851;0.00000000;0.33646411
00022131;r;EAS;0;0.125;100;0.11024408;0.12262611;0.08950157;0.14279707;0.10122926;0.16708996
00048739;r;taw~;0.03125;0.09375;100.0;0.18076696;0.13035334;0.13456852;0.09743393;0.15537410;0.10504064
00476962;r;qAsiH;0.0;0.0;50.0;0.00000000;0.01376882;0.02268091;0.11480445;0.11002279;0.46784781
00074641;r;mujotari};0.015625;0.0;50.0;0.08744335;0.10846495;0.08687566;0.16060621;0.10521394;0.16687066
00184284;r;SaHiyH;0.208984375;0.0390625;50.0;0.08945413;0.12657529;0.05317034;0.14866643;0.11897445;0.23477533
00390941;r;miSobAH;0;0;50;0.11403240;0.11480751;0.03898492;0.11612903;0.11081662;0.06530499
00478040;r;Safiyq;0.0;0.0;50.0;0.00000000;0.01376882;0.02268091;0.11480445;0.11002279;0.46784781
00007015;r;mA;0.25;0.4375;100.0;0.12193999;0.12126868;0.11866327;0.11830914;0.15468335;0.13219169
00039318;r;sAdap;0.5;0;100;0.16513758;0.21706213;0.04654205;0.12071251;0.09270005;0.11147642
00053004;r;garAm;0.3125;0.0;100.0;0.02815688;0.14941575;0.02949704;0.38788437;0.04094593;0.09793183
00040365;r;ja*aEap;0;0;50;0.12791215;0.14483070;0.09207434;0.12281557;0.12395932;0.13064909
00505226;r;laHiH;0.1875;0.0;50.0;0.11585791;0.08435102;0.12473346;0.28147880;0.09321877;0.09766025
00042254;r;{iEotibATiy~;0.28125;0.0;33.0;0.37376918;0.07099203;0.05417338;0.14634369;0.10570983;0.12768252
00118032;r;|na*Ak;0.0;0.0;50.0;0.13233601;0.12735281;0.09117289;0.12058500;0.10700642;0.15778161
00084759;r;<ikisotrA;0.375;0.0;100.0;0.02356536;0.02112814;0.19303348;0.23325570;0.10851471;0.33075628
00046299;r;suwbar;0.0;0.125;100.0;0.07159158;0.07833520;0.07990998;0.14537524;0.06952256;0.12485367
00046639;r;qAtil;0.0;0.25;50.0;0.14397766;0.17470800;0.04569830;0.18099782;0.24599794;0.06325193
00017077;r;>axobav;0.625;0.125;50;0.14212547;0.09548157;0.10445385;0.05017947;0.27582541;0.06663433
00028424;r;>an~aY;0.078125;0.125;33.0;0.14708641;0.14914910;0.11011511;0.11415623;0.12150183;0.10636383
00032299;r;gaDanofar;0.125;0;100;0.22405877;0.05985982;0.14531118;0.18915905;0.08412536;0.06276331
00297563;r;$aqiy~;0.25;0;50;0.10908715;0.00000000;0.43939575;0.02579934;0.12700503;0.13895156
00112601;r;gariyD;0;0;50;0.09155757;0.06227431;0.10091039;0.21321677;0.09951923;0.12643324
00167920;r;DayAE;0;0;100;0.00000000;0.00000000;0.00000000;0.29029851;0.00000000;0.33646411
00422435;r;EafiS;0;0.375;50;0.07678909;0.22881363;0.04206891;0.21444770;0.05589589;0.12007387
00390941;r;xafiyf;0;0;33;0.11403240;0.11480751;0.03898492;0.11612903;0.11081662;0.06530499
00038625;r;{it~ijAh;0.125;0.25;50;0.08437736;0.13828686;0.09105976;0.13029298;0.07208651;0.21296919
00025144;r;Daruws;0;0.25;50;0.12115573;0.10571777;0.12634192;0.16775420;0.06452723;0.19714736
00487623;r;>asofal;0.0;0.0;100.0;0.01674388;0.05674441;0.01653376;0.11182595;0.07292485;0.19917633
00207668;r;dawAlayo;0.0;0.0;50.0;0.15776905;0.20578426;0.07167364;0.17160599;0.13781164;0.07536481
00044861;r;Ha*ow;0;0.125;50;0.01164785;0.32986915;0.00366975;0.07736138;0.07209277;0.14076926
00174870;r;xal~AE;0.125;0.0;50.0;0.07724549;0.09265185;0.05082238;0.16050809;0.05248307;0.22258860
00275694;r;>amAm;0.03125;0.0;50.0;0.08524976;0.10576324;0.06892498;0.15726007;0.10701517;0.16195643
00148139;r;ha$iy$;0.125;0;100;0.07218118;0.02642762;0.00000000;0.63252517;0.05485195;0.00592862
00032863;r;SAEid;0.0625;0.0;50.0;0.11750385;0.11437227;0.10921079;0.12720973;0.10798725;0.16421186
00013429;r;fisoqiy~ap;0.550751708984375;0.041869140625;50.0;0.09096247;0.11153352;0.11241955;0.13651623;0.10712938;0.16440672
00386393;r;Daxom;0.0;0.125;50.0;0.32126531;0.06550681;0.15892613;0.21917691;0.07798256;0.06626332
00305570;r;gawoS;0.0;0.0;100.0;0.10441884;0.08993036;0.14881642;0.10778279;0.15091025;0.16573020
00061203;r;baEod;0.0;0.0;100.0;0.13690244;0.12861764;0.10681806;0.11004930;0.13940249;0.11993450
00250570;r;sanawiy~;0.0625;0.1875;67.0;0.08461671;0.07863122;0.20789615;0.12092976;0.13134628;0.07911291
00340133;r;lafoZ;0.0;0.0;50.0;0.07592157;0.06466784;0.07333197;0.10408968;0.15849167;0.23484057
00477814;r;gav~;0;0;50;0.05712171;0.54159033;0.01377058;0.10351876;0.10619559;0.05892365
00479275;r;bukorap;0;0;100;0.12703972;0.10959844;0.16574206;0.12717157;0.11369617;0.16144519
00422435;r;>ujAj;0;0.375;50;0.07678909;0.22881363;0.04206891;0.21444770;0.05589589;0.12007387
00062857;r;tAliy;0.0;0.0;50.0;0.22608484;0.13945889;0.07370941;0.12056247;0.08504086;0.13843300
00014285;r;bi}or;0.67448046875;0.0014228515625;50.0;0.09564308;0.12476939;0.10293895;0.12648194;0.11129785;0.16112863
00285092;r;naZiyf;0.1875;0.1875;50.0;0.05144902;0.07021421;0.02353179;0.26432776;0.07762168;0.17236613
00067045;r;salaf;0;0;67;0.11678153;0.10454989;0.08603809;0.15681175;0.10117191;0.16695735
00305683;r;Eamiyq;0.0;0.0;50.0;0.10962858;0.09198376;0.14689486;0.10387891;0.15316346;0.15883107
00020759;r;>abad;0.0390625;0.109375;44.6875;0.07002400;0.08830384;0.06704890;0.11383311;0.18636076;0.23984506
00109461;r;hunAka;0.0;0.0;100.0;0.12360098;0.13632342;0.11177732;0.11942110;0.11600855;0.15687324
00231765;r;TawoE;0.375;0;100;0.13032078;0.16013781;0.19238633;0.07842865;0.11082491;0.09615667
00439257;r;Turo|niy~;0.125;0.0;50.0;0.07724549;0.09265185;0.05082238;0.16050809;0.05248307;0.22258860
00254978;r;$ahoriy~;0;0;100;0.16884524;0.06528200;0.15646164;0.14415514;0.09265501;0.11251944
00335809;r;gamuws;0.25;0;33;0.15081939;0.02239370;0.42212338;0.03012951;0.12842968;0.03080256
00071456;r;dawor;0;0;100;0.09870396;0.08314504;0.12545618;0.15716863;0.18368362;0.12398502
00393149;r;mutaTAmin;0;0;100;0.00000000;0.00895255;0.26540794;0.18652967;0.17174341;0.16638656
00047392;r;musorif;0.125;0.25;50;0.13817111;0.14215301;0.09734321;0.09359741;0.16659103;0.15190803
00257106;r;>arojA';0.0;0.0;33.0;0.09286158;0.16958255;0.03126028;0.20538677;0.08622515;0.16863143
00061528;r;falotap;0.0078125;0.03125;50.0;0.10701383;0.11271014;0.08569008;0.09104478;0.17880210;0.13284989
00230189;r;ladun~;0.0625;0.0625;50.0;0.10380590;0.10301655;0.20055346;0.09738651;0.18349579;0.11522037
00222713;r;dabariy~;0.0625;0.12548828125;50.0;0.11899320;0.14099101;0.11567854;0.11857565;0.12599614;0.11882214
00114310;r;rasomiy~;0.0;0.0;100.0;0.12305631;0.12650111;0.09114999;0.15010551;0.10243551;0.10351351
00472323;r;Ea*ob;0.25;0;50;0.00000000;0.01011418;0.04672654;0.11288754;0.03441801;0.23963046
00302120;r;$ayoTAn;0.125;0;100;0.00000000;0.00000000;0.00000000;0.70009678;0.00000000;0.12632184
00032996;r;|jilap;0.0;0.0;100.0;0.24216671;0.16068329;0.18308704;0.11329024;0.03122441;0.09082708
00061677;r;fajo>ap;0.0;0.0;100.0;0.12487136;0.11333131;0.06737779;0.09776723;0.17952999;0.14711209
00077168;r;muHaj~al;0.375;0.125;50;0.06058771;0.15914484;0.07064773;0.19190739;0.11119039;0.20422474
00277585;r;mitorAs;0.0625;0.0;50.0;0.04440506;0.10912827;0.11836763;0.21350867;0.09060806;0.19114186
00321906;r;DiEof;0.0;0.0;50.0;0.04027241;0.11834586;0.14473342;0.16652192;0.06589142;0.10981217
00117620;r;Eam~a}i*K;0.0;0.0;100.0;0.13671589;0.12716536;0.09089586;0.12074110;0.10586339;0.15564076
00429274;r;Eaziyziy~;0.25;0.09375;50.0;0.12209368;0.10238970;0.02337237;0.11229672;0.25283377;0.14119915
00285687;r;qarAH;0.1875;0.0;50.0;0.16713254;0.31029180;0.10802162;0.18001343;0.02479611;0.06861391
00102881;r;vAniy;0.0;0.0;75.0;0.14041746;0.13998863;0.14482085;0.11185787;0.06189473;0.17277331
00357052;r;>aEolaY;0.0625;0.0;33.0;0.00901836;0.02414723;0.03884147;0.43499121;0.00338732;0.20451376
00084223;r;xiS~iyS;0.1875;0.0;50.0;0.11376529;0.12682779;0.12353274;0.12583462;0.11066280;0.14759685
00300247;r;rub~amA;0;0;50;0.06977481;0.18203929;0.08061501;0.08776875;0.07852228;0.13125024
00053004;r;diq~;0.3125;0.0;33.0;0.02815688;0.14941575;0.02949704;0.38788437;0.04094593;0.09793183
00393149;r;xafiyD;0.0625;0.0;50.0;0.03609059;0.01769009;0.13270397;0.40952742;0.11329768;0.08615759
00035385;r;nAdir;0;0.125;50;0.07942994;0.14753458;0.13411855;0.09834273;0.13580039;0.16346192
00285854;r;EAtik;0.1875;0.0;50.0;0.16713254;0.31029180;0.10802162;0.18001343;0.02479611;0.06861391
00112393;r;{iHotiyAj;0.25;0;50;0.10249603;0.13468007;0.11664294;0.10843542;0.08674802;0.17147066
00249043;r;fiToriy~;0;0;100;0.12057699;0.06888637;0.04729964;0.09559790;0.14078687;0.23583175
00007884;r;$iTorap;0;0;50;0.02669047;0.10269196;0.09071727;0.12089044;0.12466494;0.16147306
00110919;r;wAjihap;0.0;0.0;50.0;0.10764044;0.12051711;0.18394007;0.09756350;0.17018986;0.14263082
00128456;r;mu$Afahap;0.0;0.0;50.0;0.31826853;0.06507355;0.18565613;0.08383516;0.07297250;0.06722658
00109461;r;vam~apa;0.0;0.0;100.0;0.12360098;0.13632342;0.11177732;0.11942110;0.11600855;0.15687324
00041758;r;taHodiyd;0.375;0;100;0.17242074;0.13886494;0.13773989;0.11462111;0.11377983;0.11135859
00050817;r;kaniz;0.5;0;50;0.10101334;0.13791752;0.05451778;0.11837534;0.07049186;0.24613023
00051848;r;mubA$ir;0;0;50;0.13056623;0.11955486;0.07716143;0.10699273;0.07595609;0.18043656
00189129;r;Eaqol;0.1875;0.0;50.0;0.07976438;0.13841977;0.13553579;0.09555247;0.09178625;0.25187249
00166025;r;luwnoj;0.0;0.0;100.0;0.10604108;0.12167355;0.10872297;0.11732677;0.11755121;0.14965350
00009373;r;naqiy~;0.1875;0.1875;33.0;0.05144902;0.07021421;0.02353179;0.26432776;0.07762168;0.17236613
00132322;r;>aSAlap;0.25;0.0947265625;50.0;0.13718984;0.14600264;0.11295057;0.11168917;0.11622738;0.12596041
00436980;r;ruboEiy~;0.0;0.0;50.0;0.04015205;0.11609491;0.02568977;0.09945009;0.12076326;0.03652495
00253609;r;darofiyl;0;0;33;0.00000000;0.00000000;0.00000000;0.34601643;0.00000000;0.52636859
00477814;r;murohaf;0.0;0.0;33.0;0.06632577;0.30321604;0.03754876;0.08665369;0.16979199;0.08662408
00225971;r;zahiyd;0;0;50;0.05612419;0.03537895;0.04461952;0.15355478;0.04244250;0.64773474
00011093;r;xay~ir;0.1875;0.0;33.0;0.08595121;0.09167722;0.06603776;0.16306542;0.10503691;0.13677346
00180420;r;wilA';0;0;100;0.04525658;0.00458491;0.11722187;0.44526871;0.00259611;0.20765471
00074407;r;rujuwEiy~;0.0;0.0;50.0;0.13364587;0.14532541;0.15835618;0.08584239;0.13064810;0.13326193
00077168;r;SAHiy;0.375;0.125;50;0.06058771;0.15914484;0.07064773;0.19190739;0.11119039;0.20422474
00061528;r;fujA'ap;0.0;0.0;100.0;0.12487136;0.11333131;0.06737779;0.09776723;0.17952999;0.14711209
00340523;r;mumotAz;0;0;33;0.04229963;0.07433741;0.02218313;0.41209025;0.07211904;0.08693841
00486157;r;taHotAniy~;0.0;0.03125;33.0;0.12438682;0.12363650;0.16350400;0.10527301;0.14883302;0.09491799
00277585;r;matoras;0.0625;0.0;50.0;0.04440506;0.10912827;0.11836763;0.21350867;0.09060806;0.19114186
00011093;r;kuway~is;0.1875;0.0;50.0;0.08595121;0.09167722;0.06603776;0.16306542;0.10503691;0.13677346
00323908;r;garobiy~;0;0;33;0.07142096;0.23872900;0.41657157;0.01995300;0.09741705;0.02450462
00088303;r;mu&aq~at;0.0;0.0;50.0;0.09467979;0.15475659;0.09245280;0.08767397;0.21162011;0.05079823
00039318;r;qafAr;0.5;0;50;0.16513758;0.21706213;0.04654205;0.12071251;0.09270005;0.11147642
00324022;r;garob;0;0;50;0.09313487;0.00000000;0.00000000;0.18164672;0.12897437;0.10329778
00110815;r;Dimon;0.0;0.09375;91.75;0.13314464;0.06803451;0.06789188;0.16136822;0.13430168;0.13610173
00298413;r;batolap;0.0;0.0;50.0;0.10821860;0.09734500;0.17560297;0.10378752;0.16076289;0.12645854
00073033;r;ladun;0.0;0.0;100.0;0.09776648;0.06633179;0.13458983;0.32664659;0.08963733;0.11475870
00052026;r;tarobiyEiy~;0.0;0.03125;50.0;0.11097211;0.06370188;0.10966519;0.11711159;0.12636729;0.15354456
00341227;r;mufaroTaH;0.25;0.0;100.0;0.12143979;0.13666809;0.18607885;0.07908329;0.10604387;0.10512667
00277585;r;tirobAs;0.0625;0.0;50.0;0.04440506;0.10912827;0.11836763;0.21350867;0.09060806;0.19114186
00422435;r;faj~;0;0.375;50;0.07678909;0.22881363;0.04206891;0.21444770;0.05589589;0.12007387
00008600;r;maHoD;0.25;0.25;50;0.12607490;0.13098565;0.08753335;0.12259720;0.11585564;0.13556464
00010466;r;sAbig;0;0;50;0.10070151;0.08801024;0.20101604;0.13310669;0.08970429;0.18834534
00035718;r;midolin;0.125;0.25;50;0.07822983;0.06983626;0.16837381;0.12633825;0.12477511;0.12125402
00409709;r;qurob;0.0;0.0;33.0;0.09776648;0.06633179;0.13458983;0.32664659;0.08963733;0.11475870
00488773;r;TaboE;0.015625;0.03125;50.0;0.08476875;0.13011654;0.09718269;0.13253164;0.05463948;0.23820481
00354033;r;Hari$;0.0;0.25;100.0;0.06642044;0.07386178;0.33547255;0.08202274;0.23533967;0.05843601
00039318;r;baTiyHap;0.5;0;50;0.16513758;0.21706213;0.04654205;0.12071251;0.09270005;0.11147642
00071050;r;qayod;0.015869140625;0.0078125;100.0;0.11203357;0.08830955;0.15108917;0.12800596;0.17865163;0.11870937
00305821;r;rAHil;0.015625;0.03125;50.0;0.10908521;0.13175885;0.13259833;0.12383779;0.11387791;0.10895453
00427394;r;buwb;0;0;100;0.00000000;0.00000000;0.62010846;0.05854550;0.00000000;0.32134603
00409709;r;dAniy;0;0;67;0.09215280;0.05831634;0.10319543;0.42546968;0.07351573;0.09005477
00503102;r;HAd~;0;0;50;0.07552983;0.06484176;0.06132693;0.06978861;0.23338838;0.11432451
00505226;r;qariyb;0.068359375;0.03125;50.0;0.12001993;0.11112895;0.15718639;0.14559526;0.12571930;0.10256685
00505853;r;farod;0.0;0.0;50.0;0.17384226;0.23452703;0.06516675;0.13251131;0.15712814;0.05646625
00292349;r;mutawAliy;0.125;0;50;0.00000000;0.16346910;0.00000000;0.51357678;0.21657484;0.00000000
00390941;r;Dawo';0;0;100;0.11403240;0.11480751;0.03898492;0.11612903;0.11081662;0.06530499
00206479;r;musoriE;0.125;0;100;0.19240494;0.16517549;0.06800399;0.11621007;0.19344153;0.10023859
00184284;r;Haqiyqiy~;0.125;0.125;50.0;0.04296984;0.06820062;0.14714626;0.18657839;0.04402266;0.17222233
00031899;r;Ha$orajap;0.25;0.25;50;0.06065043;0.08200999;0.06878399;0.22890416;0.06777259;0.26588099
00046299;r;mar~;0;0.125;100;0.07159158;0.07833520;0.07990998;0.14537524;0.06952256;0.12485367
00416084;r;mahojar;0.0;0.0;33.0;0.10759091;0.06941729;0.14496368;0.15073022;0.14112817;0.16596768
00162765;r;Ealan;0.03125;0.0;50.0;0.14658141;0.11757730;0.14953208;0.09652864;0.10484147;0.08145500
00050817;r;raSiyn;0.5;0;33;0.10101334;0.13791752;0.05451778;0.11837534;0.07049186;0.24613023
00038625;r;jaroy;0.125;0.25;100;0.08437736;0.13828686;0.09105976;0.13029298;0.07208651;0.21296919
00048138;r;nihAyap;0.0;0.0;50.0;0.09969330;0.12909308;0.08415594;0.13560045;0.10210219;0.16873128
00323786;r;<iyst;0;0;100;0.13588417;0.10363622;0.32597373;0.08523461;0.14832284;0.02287522
00334790;r;<ikosibriys;0.0;0.0;100.0;0.11880449;0.14142575;0.01368463;0.06275692;0.06507610;0.16849792
00062330;r;taEam~ud;0.375;0;50;0.15994321;0.14461084;0.06092096;0.08561180;0.16339911;0.10645197
00035718;r;dAEib;0.125;0.25;50;0.07822983;0.06983626;0.16837381;0.12633825;0.12477511;0.12125402
00429274;r;nafiys;0;0.25;50;0.38839478;0.00178502;0.08490437;0.00000000;0.26167586;0.00000000
00229568;r;hAmid;0;0.125;50;0.08133901;0.11342783;0.04374141;0.11269884;0.12682092;0.19761213
00503102;r;rahiyf;0;0;50;0.07552983;0.06484176;0.06132693;0.06978861;0.23338838;0.11432451
00184284;r;SawAb;0;0;50;0.02528925;0.05439124;0.22550852;0.14425262;0.02027273;0.07856367
00069901;r;SArix;0;0;50;0.14424224;0.08495540;0.07085562;0.09876634;0.09567032;0.19966702
00008007;r;>ajomaE;0.5;0;50;0.11416695;0.11600639;0.09701667;0.11616079;0.14578671;0.17117508
00063630;r;Tur~;0.25;0.0;50.0;0.10936808;0.12880873;0.10094683;0.11728072;0.14573174;0.15874892
00422435;r;mur~;0;0.375;100;0.07678909;0.22881363;0.04206891;0.21444770;0.05589589;0.12007387
00016458;r;ba>os;0.125;0.25;50.0;0.06211426;0.08506950;0.22163524;0.08646384;0.10906279;0.13217872
00251820;r;$aroEiy~;0.0625;0.03125;50.0;0.08369638;0.08865190;0.20309402;0.09354599;0.11570938;0.15785771
00116588;r;maE;0.0;0.0;100.0;0.07529200;0.11752672;0.07838168;0.15219832;0.09128099;0.20742380
00042254;r;{iEotibAT;0.28125;0.0;33.0;0.37376918;0.07099203;0.05417338;0.14634369;0.10570983;0.12768252
00081486;r;yawomiy~;0.0;0.1875;100.0;0.14789847;0.13678122;0.10907247;0.09545503;0.13712149;0.11214710
00243938;r;sAwv;0;0;100;0.00000000;0.00000000;0.00000000;1.00000000;0.00000000;0.00000000
00104099;r;bATin;0.015625;0.015625;100.0;0.11172872;0.09878395;0.18648668;0.10821343;0.15784198;0.14328326
00106759;r;qisoT;0.1875;0.1875;50.0;0.05387255;0.14042842;0.04706358;0.24465424;0.10930887;0.25254024
00166025;r;luwnog;0.0;0.0;100.0;0.10604108;0.12167355;0.10872297;0.11732677;0.11755121;0.14965350
00285687;r;muSaf~aY;0.1875;0.0;50.0;0.16713254;0.31029180;0.10802162;0.18001343;0.02479611;0.06861391
00148139;r;xAfit;0.125;0;50;0.07218118;0.02642762;0.00000000;0.63252517;0.05485195;0.00592862
00205561;r;bagoy;0.125;0;100;0.54340796;0.05082315;0.00363066;0.08501142;0.11371296;0.10654994
00160834;r;nisobiy~;0;0;100;0.07641779;0.09766028;0.13666850;0.10328698;0.22378309;0.09768406
00088655;r;Eafowiy~ap;0.1875;0.0;100.0;0.05849813;0.04915411;0.21046677;0.11998462;0.04917839;0.21645730
00254978;r;mu$Aharap;0;0;100;0.16884524;0.06528200;0.15646164;0.14415514;0.09265501;0.11251944
00050681;r;lA;0.0966796875;0.525390625;82.671875;0.11892704;0.12953700;0.09551141;0.11498594;0.12688921;0.14487075
00305821;r;gawiyT;0.0;0.0;100.0;0.10441884;0.08993036;0.14881642;0.10778279;0.15091025;0.16573020
00429274;r;>aEoSam;0;0.25;33;0.38839478;0.00178502;0.08490437;0.00000000;0.26167586;0.00000000
00422435;r;HAmiD;0;0.375;33;0.07678909;0.22881363;0.04206891;0.21444770;0.05589589;0.12007387
00059547;r;mirAr;0.25;0.0;100.0;0.09404607;0.10664616;0.09446417;0.10708860;0.12859034;0.18285200
00249043;r;gariyziy~;0;0;100;0.12057699;0.06888637;0.04729964;0.09559790;0.14078687;0.23583175
00354033;r;Huzuwn;0.0;0.25;100.0;0.06642044;0.07386178;0.33547255;0.08202274;0.23533967;0.05843601
00144722;r;balaY;0.0625;0.0;50.0;0.13007150;0.13917295;0.08171714;0.10806127;0.10109726;0.16997544
00342624;r;jabor;0.25;0;100;0.40513868;0.15867002;0.07545475;0.06108412;0.08909788;0.03102606
00097108;r;EAliyap;0;0;50;0.25758671;0.00000000;0.27576894;0.10692187;0.00000000;0.02210133
00432314;r;dAfi};0.25;0;100;0.03299575;0.17984928;0.07237011;0.23015844;0.11470371;0.11283335
00050817;r;mudomaj;0.5;0;50;0.10101334;0.13791752;0.05451778;0.11837534;0.07049186;0.24613023
00110815;r;vaniy~ap;0;0;67;0.12521876;0.10195021;0.13504664;0.12669415;0.12307868;0.18088169
00188137;r;Eaqiylap;0.125;0.0;50.0;0.05971120;0.09359811;0.08439770;0.17177145;0.11175498;0.15009163
00101752;r;sabiyl;0;0;50;0.11168461;0.10205662;0.14606259;0.11192454;0.12862005;0.12659290
00017241;r;>anokaY;0.3125;0.5;37.25;0.12986339;0.12969154;0.09592101;0.06292890;0.22977818;0.11537295
00422435;r;mariyr;0;0.375;50;0.07678909;0.22881363;0.04206891;0.21444770;0.05589589;0.12007387
00335809;r;Eiyrap;0.25;0;50;0.15081939;0.02239370;0.42212338;0.03012951;0.12842968;0.03080256
00112601;r;raTiyb;0;0;50;0.09155757;0.06227431;0.10091039;0.21321677;0.09951923;0.12643324
00503102;r;saliyT;0;0;50;0.07552983;0.06484176;0.06132693;0.06978861;0.23338838;0.11432451
00069603;r;mivoliy~;0.25;0.0;50.0;0.09029312;0.15237678;0.12104139;0.14718734;0.06286738;0.15209035
00050817;r;muno$a>ap;0.5;0;50;0.10101334;0.13791752;0.05451778;0.11837534;0.07049186;0.24613023
00306059;r;>aEozal;0;0;50;0.00000000;0.00000000;0.00000000;0.32816435;0.56089974;0.11093591
00354033;r;jAfiy;0.0;0.25;50.0;0.06642044;0.07386178;0.33547255;0.08202274;0.23533967;0.05843601
00111016;r;mayodAniy~;0;0;50;0.02214617;0.16934077;0.08739913;0.08174525;0.25391944;0.07867976
00305570;r;qaEuwr;0.0;0.0;100.0;0.10487046;0.09508100;0.14923649;0.11033043;0.14853463;0.15474960
00169971;r;{ifotirAD;0;0;100;0.09247821;0.55962534;0.01545467;0.01600990;0.01955752;0.08388916
00116791;r;sawiy~;0.0009765625;0.0;37.416015625;0.10102310;0.12484103;0.07715995;0.16000628;0.09425153;0.15020032
00053004;r;maSuwg;0.3125;0.0;50.0;0.02815688;0.14941575;0.02949704;0.38788437;0.04094593;0.09793183
00038625;r;siyAq;0.125;0.25;50;0.08437736;0.13828686;0.09105976;0.13029298;0.07208651;0.21296919
00477814;r;gaviyv;0;0;50;0.05712171;0.54159033;0.01377058;0.10351876;0.10619559;0.05892365
00077168;r;>alomaEiy~;0.375;0.125;50;0.06058771;0.15914484;0.07064773;0.19190739;0.11119039;0.20422474
00008997;r;qaToE;0.4375;0.0;56.25;0.11718369;0.07521574;0.09887347;0.11113469;0.16219480;0.15838407
00292349;r;tawAliy;0.125;0;50;0.00000000;0.16346910;0.00000000;0.51357678;0.21657484;0.00000000
00305821;r;muta>ax~ir;0.03125;0.0625;50.0;0.11308396;0.13397168;0.13636604;0.12562757;0.12015483;0.10131655
00106921;r;{iEotiyAdiy~;0;0;50;0.10215356;0.07862744;0.11891181;0.12476537;0.09196127;0.16451969
00118032;r;|na}i*K;0.0;0.0;50.0;0.13233601;0.12735281;0.09117289;0.12058500;0.10700642;0.15778161
00207668;r;furAd;0.0;0.0;50.0;0.17384226;0.23452703;0.06516675;0.13251131;0.15712814;0.05646625
00077168;r;muDA';0.375;0.125;50;0.06058771;0.15914484;0.07064773;0.19190739;0.11119039;0.20422474
00102463;r;rafiyE;0.15625;0.0;33.0;0.04263930;0.34550304;0.02163381;0.24570156;0.07357076;0.07842774
00038625;r;sayorap;0.125;0.25;33;0.08437736;0.13828686;0.09105976;0.13029298;0.07208651;0.21296919
00008997;r;maqotuwl;0.25;0.0;100.0;0.13532347;0.08650153;0.07555339;0.09896244;0.19798726;0.11806897
00100592;r;bAkir;0.15625;0.0;100.0;0.12483329;0.11817645;0.13261793;0.14659285;0.13641040;0.10652670
00479275;r;gadAp;0;0;50;0.12703972;0.10959844;0.16574206;0.12717157;0.11369617;0.16144519
00105603;r;sirAE;0.0;0.0;100.0;0.07634057;0.10601696;0.18885309;0.12084343;0.09949813;0.16672929
00243938;r;yaman;0;0;100;0.00000000;0.00000000;0.00000000;1.00000000;0.00000000;0.00000000
00039318;r;>aboTaH;0.5;0;50;0.16513758;0.21706213;0.04654205;0.12071251;0.09270005;0.11147642
00032299;r;qawiy~;0.125;0;50;0.22405877;0.05985982;0.14531118;0.18915905;0.08412536;0.06276331
00293253;r;Ead~Ad;0;0;50;0.11793102;0.09138168;0.14538444;0.08925546;0.03583156;0.06586053
00335809;r;Euroquwbiy~;0.25;0;33;0.15081939;0.02239370;0.42212338;0.03012951;0.12842968;0.03080256
00077912;r;gAliy;0.5625;0.0625;100.0;0.02999399;0.12940962;0.00257554;0.15511473;0.25858836;0.18557759
00111451;r;mavAbap;0.0;0.0625;50.0;0.10430030;0.09265973;0.13760456;0.18574198;0.12662982;0.12487212
00243938;r;januwb;0.0;0.0;75.0;0.00000000;0.00000000;0.00000000;1.00000000;0.00000000;0.00000000
00285092;r;muqosiT;0.1875;0.1875;50.0;0.05387255;0.14042842;0.04706358;0.24465424;0.10930887;0.25254024
00258175;r;maj~An;0;0;50;0.00000000;0.00000000;0.00000000;0.04636514;0.00000000;0.81382814
00336065;r;zayof;0.0625;0.25;50.0;0.16429384;0.18614185;0.07124047;0.04014257;0.11870031;0.09040649
00044861;r;muEAkis;0;0.125;50;0.01164785;0.32986915;0.00366975;0.07736138;0.07209277;0.14076926
00409709;r;wa$iyj;0.1875;0.0;100.0;0.11585791;0.08435102;0.12473346;0.28147880;0.09321877;0.09766025
00186491;r;$akoliy~;0.0;0.0;100.0;0.15095205;0.14674141;0.10526743;0.13592645;0.10729813;0.11886521
00128554;r;$afawiy~;0.0;0.0;50.0;0.32257782;0.07338327;0.33288712;0.03629376;0.05859798;0.02689063
00059171;r;quToEap;0.25;0;50;0.08974269;0.11697973;0.08382901;0.13278970;0.11300221;0.20216129
00429274;r;Eaziyz;0.40625;0.125;50.0;0.11709468;0.09261723;0.02294312;0.12037537;0.26588670;0.13716723
00008997;r;batAt;0.5;0.0;100.0;0.11474359;0.08512749;0.11912645;0.10852037;0.15739260;0.12192554
00051440;r;skwiyr;0.0;0.03125;100.0;0.11097211;0.06370188;0.10966519;0.11711159;0.12636729;0.15354456
00277585;r;Dab~ap;0.0625;0.0;50.0;0.04440506;0.10912827;0.11836763;0.21350867;0.09060806;0.19114186
00246455;r;Eu$Ariy~;0;0;50;0.00000000;0.00000000;0.85301982;0.00000000;0.00000000;0.09613912
00150003;r;fiEol;0.3046875;0.0;50.0;0.11833232;0.14212119;0.12937392;0.11930909;0.08640353;0.15247679
00118531;r;taToniy$;0;0.375;33;0.13324728;0.16785238;0.08557414;0.12890516;0.06019120;0.16510806
00432314;r;sAxin;0.25;0;50;0.03299575;0.17984928;0.07237011;0.23015844;0.11470371;0.11283335
00034641;r;>aqorab;0;0;33;0.00450541;0.00000000;0.00000000;0.00470310;0.00000000;0.69603695
00511573;r;<iyjAb;0.1875;0.0625;50.0;0.05281201;0.03794609;0.40947903;0.20467175;0.05819506;0.09367352
00040365;r;mujad~ad;0;0;100;0.12791215;0.14483070;0.09207434;0.12281557;0.12395932;0.13064909
00106316;r;<ijomAE;0.375;0;100;0.15093555;0.14671820;0.14043683;0.13778584;0.05717524;0.07770301
00014285;r;jay~id;0.497234375;0.001544921875;100.0;0.09647716;0.12575425;0.09879325;0.12732296;0.11239655;0.15952452
00099712;r;maziyd;0.0;0.0;50.0;0.09777027;0.12254920;0.11705035;0.12633428;0.11657170;0.15695541
00390941;r;niborAs;0;0;50;0.11403240;0.11480751;0.03898492;0.11612903;0.11081662;0.06530499
00112601;r;gaD~;0;0;50;0.09155757;0.06227431;0.10091039;0.21321677;0.09951923;0.12643324
00367418;r;SarAHap;0.1875;0.0;50.0;0.16655908;0.11780095;0.08469286;0.10567037;0.13823047;0.16111943
00024509;r;>ay~ap;0;0;100;0.13271717;0.16789861;0.12033402;0.09989456;0.09222337;0.10034555
00017241;r;>aroda>;0;0.875;100;0.11760131;0.16390151;0.08738816;0.07567833;0.18373095;0.16411156
00230189;r;baTAnap;0.03125;0.03125;50.0;0.11319186;0.10318881;0.17014451;0.11023584;0.15756287;0.14337389
00148139;r;<iyziy;0.09375;0.0;100.0;0.07610571;0.04561790;0.06924639;0.39508268;0.10413475;0.09411213
00150351;r;Haq~;0.2115631103515625;0.062774658203125;50.0;0.08046442;0.10555351;0.09884544;0.15295873;0.09629114;0.19242815
00432314;r;dafiy';0.25;0;100;0.03299575;0.17984928;0.07237011;0.23015844;0.11470371;0.11283335
00161630;r;gaTa$An;0.0;0.0;100.0;0.08137396;0.07183502;0.11521858;0.19182333;0.16717024;0.16362399
00188137;r;Safowap;0.125;0.0;20.0;0.05971120;0.09359811;0.08439770;0.17177145;0.11175498;0.15009163
00035718;r;daEib;0.125;0.25;33;0.07822983;0.06983626;0.16837381;0.12633825;0.12477511;0.12125402
